date,weekday,hebrew_date,day,alos_16.1,alos_72,misheyakir_11.5,sunrise,sof_zman_shma_mga,sof_zman_shma_gra,sof_zman_tefila_mga,sof_zman_tefila_gra,chatzos,mincha_gedola,mincha_ketana,plag_hamincha,sunset,candle_lighting,tzais_8.5,tzais_72,havdalah_8.5,havdalah_72
2053-01-01,Wednesday,11 Teves 5813,,05:51:56,06:06:55,06:17:18,07:18:55,09:03:49,09:39:49,10:02:47,10:26:47,12:00:43,12:24:12,14:45:06,15:43:48,16:42:30,,17:27:15,17:54:30,,
2053-01-02,Thursday,12 Teves 5813,,05:52:05,06:07:00,06:17:27,07:19:00,09:04:05,09:40:05,10:03:07,10:27:07,12:01:11,12:24:42,14:45:47,15:44:34,16:43:22,,17:28:04,17:55:22,,
2053-01-03,Friday,13 Teves 5813,,05:52:13,06:07:03,06:17:33,07:19:03,09:04:21,09:40:21,10:03:27,10:27:27,12:01:39,12:25:12,14:46:30,15:45:22,16:44:15,16:26:15,17:28:53,17:56:15,,
2053-01-04,Saturday,14 Teves 5813,,05:52:19,06:07:03,06:17:38,07:19:03,09:04:35,09:40:35,10:03:45,10:27:45,12:02:06,12:25:41,14:47:13,15:46:11,16:45:09,,17:29:44,17:57:09,17:29:44,17:57:09
2053-01-05,Sunday,15 Teves 5813,,05:52:23,06:07:01,06:17:41,07:19:01,09:04:47,09:40:47,10:04:02,10:28:02,12:02:33,12:26:11,14:47:56,15:47:01,16:46:05,,17:30:37,17:58:05,,
2053-01-06,Monday,16 Teves 5813,,05:52:26,06:06:57,06:17:42,07:18:57,09:04:58,09:40:58,10:04:19,10:28:19,12:02:59,12:26:40,14:48:41,15:47:51,16:47:02,,17:31:30,17:59:02,,
2053-01-07,Tuesday,17 Teves 5813,,05:52:26,06:06:51,06:17:40,07:18:51,09:05:08,09:41:08,10:04:34,10:28:34,12:03:25,12:27:08,14:49:25,15:48:43,16:48:00,,17:32:24,18:00:00,,
2053-01-08,Wednesday,18 Teves 5813,,05:52:24,06:06:43,06:17:37,07:18:43,09:05:17,09:41:17,10:04:48,10:28:48,12:03:51,12:27:37,14:50:11,15:49:35,16:48:59,,17:33:19,18:00:59,,
2053-01-09,Thursday,19 Teves 5813,,05:52:21,06:06:32,06:17:32,07:18:32,09:05:24,09:41:24,10:05:01,10:29:01,12:04:16,12:28:05,14:50:57,15:50:28,16:50:00,,17:34:16,18:02:00,,
2053-01-10,Friday,20 Teves 5813,,05:52:15,06:06:19,06:17:25,07:18:19,09:05:30,09:41:30,10:05:13,10:29:13,12:04:40,12:28:32,14:51:43,15:51:22,16:51:01,16:33:01,17:35:13,18:03:01,,
2053-01-11,Saturday,21 Teves 5813,,05:52:08,06:06:04,06:17:16,07:18:04,09:05:34,09:41:34,10:05:24,10:29:24,12:05:04,12:28:59,14:52:29,15:52:17,16:52:04,,17:36:11,18:04:04,17:36:11,18:04:04
2053-01-12,Sunday,22 Teves 5813,,05:51:59,06:05:47,06:17:05,07:17:47,09:05:37,09:41:37,10:05:34,10:29:34,12:05:27,12:29:26,14:53:16,15:53:12,16:53:08,,17:37:10,18:05:08,,
2053-01-13,Monday,23 Teves 5813,,05:51:47,06:05:27,06:16:52,07:17:27,09:05:39,09:41:39,10:05:42,10:29:42,12:05:50,12:29:52,14:54:03,15:54:08,16:54:12,,17:38:10,18:06:12,,
2053-01-14,Tuesday,24 Teves 5813,,05:51:34,06:05:06,06:16:37,07:17:06,09:05:39,09:41:39,10:05:50,10:29:50,12:06:12,12:30:17,14:54:50,15:55:04,16:55:18,,17:39:10,18:07:18,,
2053-01-15,Wednesday,25 Teves 5813,,05:51:19,06:04:42,06:16:20,07:16:42,09:05:38,09:41:38,10:05:56,10:29:56,12:06:33,12:30:42,14:55:38,15:56:01,16:56:24,,17:40:11,18:08:24,,
2053-01-16,Thursday,26 Teves 5813,,05:51:02,06:04:16,06:16:01,07:16:16,09:05:35,09:41:35,10:06:01,10:30:01,12:06:54,12:31:07,14:56:26,15:56:58,16:57:31,,17:41:13,18:09:31,,
2053-01-17,Friday,27 Teves 5813,,05:50:42,06:03:48,06:15:39,07:15:48,09:05:31,09:41:31,10:06:05,10:30:05,12:07:14,12:31:31,14:57:13,15:57:56,16:58:39,16:40:39,17:42:16,18:10:39,,
2053-01-18,Saturday,28 Teves 5813,,05:50:21,06:03:18,06:15:16,07:15:18,09:05:26,09:41:26,10:06:08,10:30:08,12:07:33,12:31:54,14:58:01,15:58:54,16:59:47,,17:43:19,18:11:47,17:43:19,18:11:47
2053-01-19,Sunday,29 Teves 5813,,05:49:58,06:02:46,06:14:51,07:14:46,09:05:19,09:41:19,10:06:10,10:30:10,12:07:51,12:32:17,14:58:49,15:59:53,17:00:56,,17:44:22,18:12:56,,
2053-01-20,Monday,1 Shevat 5813,,05:49:33,06:02:12,06:14:24,07:14:12,09:05:11,09:41:11,10:06:10,10:30:10,12:08:09,12:32:39,14:59:37,16:00:51,17:02:06,,17:45:26,18:14:06,,
2053-01-21,Tuesday,2 Shevat 5813,,05:49:06,06:01:36,06:13:56,07:13:36,09:05:01,09:41:01,10:06:09,10:30:09,12:08:26,12:33:00,15:00:25,16:01:50,17:03:16,,17:46:31,18:15:16,,
2053-01-22,Wednesday,3 Shevat 5813,,05:48:38,06:00:58,06:13:25,07:12:58,09:04:50,09:40:50,10:06:07,10:30:07,12:08:42,12:33:21,15:01:13,16:02:49,17:04:26,,17:47:36,18:16:26,,
2053-01-23,Thursday,4 Shevat 5813,,05:48:07,06:00:18,06:12:52,07:12:18,09:04:38,09:40:38,10:06:04,10:30:04,12:08:57,12:33:41,15:02:01,16:03:49,17:05:37,,17:48:41,18:17:37,,
2053-01-24,Friday,5 Shevat 5813,,05:47:34,05:59:36,06:12:17,07:11:36,09:04:24,09:40:24,10:06:00,10:30:00,12:09:12,12:34:00,15:02:48,16:04:48,17:06:48,16:48:48,17:49:46,18:18:48,,
2053-01-25,Saturday,6 Shevat 5813,,05:47:00,05:58:52,06:11:41,07:10:52,09:04:09,09:40:09,10:05:55,10:29:55,12:09:26,12:34:19,15:03:36,16:05:48,17:08:00,,17:50:52,18:20:00,17:50:52,18:20:00
2053-01-26,Sunday,7 Shevat 5813,,05:46:23,05:58:06,06:11:02,07:10:06,09:03:53,09:39:53,10:05:48,10:29:48,12:09:39,12:34:37,15:04:23,16:06:47,17:09:12,,17:51:58,18:21:12,,
2053-01-27,Monday,8 Shevat 5813,,05:45:45,05:57:18,06:10:22,07:09:18,09:03:35,09:39:35,10:05:40,10:29:40,12:09:51,12:34:54,15:05:10,16:07:47,17:10:24,,17:53:05,18:22:24,,
2053-01-28,Tuesday,9 Shevat 5813,,05:45:05,05:56:29,06:09:40,07:08:29,09:03:16,09:39:16,10:05:31,10:29:31,12:10:02,12:35:10,15:05:57,16:08:46,17:11:36,,17:54:11,18:23:36,,
2053-01-29,Wednesday,10 Shevat 5813,,05:44:23,05:55:38,06:08:56,07:07:38,09:02:55,09:38:55,10:05:21,10:29:21,12:10:13,12:35:26,15:06:44,16:09:46,17:12:48,,17:55:18,18:24:48,,
2053-01-30,Thursday,11 Shevat 5813,,05:43:39,05:54:45,06:08:10,07:06:45,09:02:34,09:38:34,10:05:10,10:29:10,12:10:23,12:35:41,15:07:30,16:10:45,17:14:01,,17:56:25,18:26:01,,
2053-01-31,Friday,12 Shevat 5813,,05:42:53,05:53:50,06:07:23,07:05:50,09:02:11,09:38:11,10:04:58,10:28:58,12:10:32,12:35:55,15:08:16,16:11:45,17:15:13,16:57:13,17:57:32,18:27:13,,
2053-02-01,Saturday,13 Shevat 5813,,05:42:06,05:52:53,06:06:33,07:04:53,09:01:47,09:37:47,10:04:44,10:28:44,12:10:40,12:36:09,15:09:02,16:12:44,17:16:26,,17:58:39,18:28:26,17:58:39,18:28:26
2053-02-02,Sunday,14 Shevat 5813,,05:41:17,05:51:55,06:05:42,07:03:55,09:01:21,09:37:21,10:04:30,10:28:30,12:10:47,12:36:21,15:09:47,16:13:43,17:17:39,,17:59:46,18:29:39,,
2053-02-03,Monday,15 Shevat 5813,tu beshvat,05:40:26,05:50:55,06:04:50,07:02:55,09:00:54,09:36:54,10:04:14,10:28:14,12:10:53,12:36:33,15:10:32,16:14:42,17:18:51,,18:00:53,18:30:51,,
2053-02-04,Tuesday,16 Shevat 5813,,05:39:33,05:49:54,06:03:55,07:01:54,09:00:27,09:36:27,10:03:57,10:27:57,12:10:59,12:36:44,15:11:17,16:15:40,17:20:04,,18:02:00,18:32:04,,
2053-02-05,Wednesday,17 Shevat 5813,,05:38:39,05:48:51,06:02:59,07:00:51,08:59:57,09:35:57,10:03:40,10:27:40,12:11:04,12:36:55,15:12:01,16:16:39,17:21:16,,18:03:07,18:33:16,,
2053-02-06,Thursday,18 Shevat 5813,,05:37:43,05:47:47,06:02:02,06:59:47,08:59:27,09:35:27,10:03:21,10:27:21,12:11:08,12:37:04,15:12:45,16:17:37,17:22:29,,18:04:15,18:34:29,,
2053-02-07,Friday,19 Shevat 5813,,05:36:45,05:46:41,06:01:02,06:58:41,08:58:56,09:34:56,10:03:01,10:27:01,12:11:11,12:37:13,15:13:28,16:18:35,17:23:41,17:05:41,18:05:22,18:35:41,,
2053-02-08,Saturday,20 Shevat 5813,,05:35:46,05:45:33,06:00:01,06:57:33,08:58:23,09:34:23,10:02:40,10:26:40,12:11:13,12:37:22,15:14:11,16:19:32,17:24:53,,18:06:29,18:36:53,18:06:29,18:36:53
2053-02-09,Sunday,21 Shevat 5813,,05:34:45,05:44:24,05:58:59,06:56:24,08:57:50,09:33:50,10:02:18,10:26:18,12:11:15,12:37:29,15:14:54,16:20:30,17:26:05,,18:07:36,18:38:05,,
2053-02-10,Monday,22 Shevat 5813,,05:33:42,05:43:14,05:57:55,06:55:14,08:57:15,09:33:15,10:01:55,10:25:55,12:11:16,12:37:36,15:15:36,16:21:27,17:27:17,,18:08:43,18:39:17,,
2053-02-11,Tuesday,23 Shevat 5813,,05:32:38,05:42:03,05:56:50,06:54:03,08:56:39,09:32:39,10:01:31,10:25:31,12:11:16,12:37:42,15:16:18,16:22:23,17:28:28,,18:09:49,18:40:28,,
2053-02-12,Wednesday,24 Shevat 5813,,05:31:32,05:40:50,05:55:43,06:52:50,08:56:02,09:32:02,10:01:06,10:25:06,12:11:15,12:37:47,15:16:59,16:23:20,17:29:40,,18:10:56,18:41:40,,
2053-02-13,Thursday,25 Shevat 5813,,05:30:25,05:39:36,05:54:34,06:51:36,08:55:24,09:31:24,10:00:41,10:24:41,12:11:13,12:37:51,15:17:40,16:24:16,17:30:51,,18:12:03,18:42:51,,
2053-02-14,Friday,26 Shevat 5813,,05:29:16,05:38:20,05:53:24,06:50:20,08:54:46,09:30:46,10:00:14,10:24:14,12:11:11,12:37:55,15:18:21,16:25:11,17:32:02,17:14:02,18:13:09,18:44:02,,
2053-02-15,Saturday,27 Shevat 5813,,05:28:06,05:37:03,05:52:13,06:49:03,08:54:06,09:30:06,09:59:46,10:23:46,12:11:08,12:37:58,15:19:00,16:26:06,17:33:12,,18:14:15,18:45:12,18:14:15,18:45:12
2053-02-16,Sunday,28 Shevat 5813,,05:26:55,05:35:46,05:51:01,06:47:46,08:53:25,09:29:25,09:59:18,10:23:18,12:11:04,12:38:01,15:19:40,16:27:01,17:34:23,,18:15:22,18:46:23,,
2053-02-17,Monday,29 Shevat 5813,,05:25:42,05:34:27,05:49:47,06:46:27,08:52:43,09:28:43,09:58:49,10:22:49,12:11:00,12:38:02,15:20:19,16:27:56,17:35:33,,18:16:28,18:47:33,,
2053-02-18,Tuesday,30 Shevat 5813,,05:24:27,05:33:07,05:48:32,06:45:07,08:52:01,09:28:01,09:58:19,10:22:19,12:10:55,12:38:04,15:20:58,16:28:50,17:36:42,,18:17:33,18:48:42,,
2053-02-19,Wednesday,1 Adar 5813,,05:23:11,05:31:46,05:47:15,06:43:46,08:51:17,09:27:17,09:57:48,10:21:48,12:10:49,12:38:04,15:21:36,16:29:44,17:37:52,,18:18:39,18:49:52,,
2053-02-20,Thursday,2 Adar 5813,,05:21:54,05:30:23,05:45:57,06:42:23,08:50:33,09:26:33,09:57:16,10:21:16,12:10:42,12:38:04,15:22:13,16:30:37,17:39:01,,18:19:45,18:51:01,,
2053-02-21,Friday,3 Adar 5813,,05:20:36,05:29:00,05:44:39,06:41:00,08:49:48,09:25:48,09:56:43,10:20:43,12:10:35,12:38:03,15:22:50,16:31:30,17:40:10,17:22:10,18:20:50,18:52:10,,
2053-02-22,Saturday,4 Adar 5813,,05:19:16,05:27:36,05:43:18,06:39:36,08:49:02,09:25:02,09:56:10,10:20:10,12:10:27,12:38:02,15:23:27,16:32:23,17:41:19,,18:21:56,18:53:19,18:21:56,18:53:19
2053-02-23,Sunday,5 Adar 5813,,05:17:55,05:26:11,05:41:57,06:38:11,08:48:15,09:24:15,09:55:36,10:19:36,12:10:19,12:38:00,15:24:04,16:33:15,17:42:27,,18:23:01,18:54:27,,
2053-02-24,Monday,6 Adar 5813,,05:16:33,05:24:45,05:40:35,06:36:45,08:47:28,09:23:28,09:55:02,10:19:02,12:10:10,12:37:57,15:24:39,16:34:07,17:43:35,,18:24:06,18:55:35,,
2053-02-25,Tuesday,7 Adar 5813,,05:15:10,05:23:18,05:39:11,06:35:18,08:46:39,09:22:39,09:54:26,10:18:26,12:10:00,12:37:54,15:25:15,16:34:59,17:44:42,,18:25:11,18:56:42,,
2053-02-26,Wednesday,8 Adar 5813,,05:13:45,05:21:51,05:37:47,06:33:51,08:45:50,09:21:50,09:53:50,10:17:50,12:09:50,12:37:50,15:25:50,16:35:50,17:45:50,,18:26:15,18:57:50,,
2053-02-27,Thursday,9 Adar 5813,,05:12:19,05:20:22,05:36:21,06:32:22,08:45:01,09:21:01,09:53:14,10:17:14,12:09:40,12:37:46,15:26:25,16:36:41,17:46:57,,18:27:20,18:58:57,,
2053-02-28,Friday,10 Adar 5813,,05:10:53,05:18:53,05:34:55,06:30:53,08:44:11,09:20:11,09:52:37,10:16:37,12:09:28,12:37:41,15:26:59,16:37:31,17:48:04,17:30:04,18:28:24,19:00:04,,
2053-03-01,Saturday,11 Adar 5813,,05:09:25,05:17:23,05:33:27,06:29:23,08:43:20,09:19:20,09:51:59,10:15:59,12:09:17,12:37:36,15:27:33,16:38:21,17:49:10,,18:29:29,19:01:10,18:29:29,19:01:10
2053-03-02,Sunday,12 Adar 5813,,05:07:56,05:15:53,05:31:59,06:27:53,08:42:28,09:18:28,09:51:20,10:15:20,12:09:04,12:37:30,15:28:06,16:39:11,17:50:16,,18:30:33,19:02:16,,
2053-03-03,Monday,13 Adar 5813,taanis esther,05:06:26,05:14:21,05:30:30,06:26:21,08:41:36,09:17:36,09:50:42,10:14:42,12:08:52,12:37:24,15:28:39,16:40:01,17:51:22,,18:31:37,19:03:22,,
2053-03-04,Tuesday,14 Adar 5813,purim,05:04:55,05:12:49,05:28:59,06:24:49,08:40:44,09:16:44,09:50:02,10:14:02,12:08:38,12:37:18,15:29:12,16:40:50,17:52:28,,18:32:41,19:04:28,,
2053-03-05,Wednesday,15 Adar 5813,shushan purim,05:03:23,05:11:17,05:27:28,06:23:17,08:39:51,09:15:51,09:49:22,10:13:22,12:08:25,12:37:11,15:29:45,16:41:39,17:53:33,,18:33:45,19:05:33,,
2053-03-06,Thursday,16 Adar 5813,,05:01:50,05:09:44,05:25:57,06:21:44,08:38:57,09:14:57,09:48:42,10:12:42,12:08:11,12:37:03,15:30:17,16:42:27,17:54:38,,18:34:49,19:06:38,,
2053-03-07,Friday,17 Adar 5813,,05:00:16,05:08:10,05:24:24,06:20:10,08:38:04,09:14:04,09:48:01,10:12:01,12:07:57,12:36:55,15:30:48,16:43:15,17:55:43,17:37:43,18:35:53,19:07:43,,
2053-03-08,Saturday,18 Adar 5813,,04:58:42,05:06:36,05:22:50,06:18:36,08:37:09,09:13:09,09:47:20,10:11:20,12:07:42,12:36:47,15:31:20,16:44:03,17:56:47,,18:36:56,19:08:47,18:36:56,19:08:47
2053-03-09,Sunday,19 Adar 5813,,04:57:06,05:05:02,05:21:16,06:17:02,08:36:14,09:12:14,09:46:38,10:10:38,12:07:27,12:36:39,15:31:51,16:44:51,17:57:51,,18:38:00,19:09:51,,
2053-03-10,Monday,20 Adar 5813,,04:55:30,05:03:27,05:19:41,06:15:27,08:35:19,09:11:19,09:45:57,10:09:57,12:07:11,12:36:30,15:32:22,16:45:39,17:58:55,,18:39:03,19:10:55,,
2053-03-11,Tuesday,21 Adar 5813,,04:53:53,05:01:52,05:18:06,06:13:52,08:34:24,09:10:24,09:45:14,10:09:14,12:06:55,12:36:21,15:32:53,16:46:26,17:59:59,,18:40:07,19:11:59,,
2053-03-12,Wednesday,22 Adar 5813,,04:52:15,05:00:16,05:16:30,06:12:16,08:33:28,09:09:28,09:44:32,10:08:32,12:06:39,12:36:11,15:33:23,16:47:13,18:01:03,,18:41:11,19:13:03,,
2053-03-13,Thursday,23 Adar 5813,,04:50:36,04:58:40,05:14:53,06:10:40,08:32:32,09:08:32,09:43:49,10:07:49,12:06:23,12:36:02,15:33:53,16:48:00,18:02:06,,18:42:14,19:14:06,,
2053-03-14,Friday,24 Adar 5813,,04:48:57,04:57:04,05:13:16,06:09:04,08:31:35,09:07:35,09:43:06,10:07:06,12:06:07,12:35:52,15:34:23,16:48:46,18:03:09,17:45:09,18:43:18,19:15:09,,
2053-03-15,Saturday,25 Adar 5813,,04:47:17,04:55:27,05:11:38,06:07:27,08:30:39,09:06:39,09:42:22,10:06:22,12:05:50,12:35:42,15:34:53,16:49:32,18:04:12,,18:44:21,19:16:12,18:44:21,19:16:12
2053-03-16,Sunday,26 Adar 5813,,04:45:36,04:53:51,05:09:59,06:05:51,08:29:42,09:05:42,09:41:39,10:05:39,12:05:33,12:35:31,15:35:22,16:50:19,18:05:15,,18:45:25,19:17:15,,
2053-03-17,Monday,27 Adar 5813,,04:43:55,04:52:14,05:08:21,06:04:14,08:28:45,09:04:45,09:40:55,10:04:55,12:05:16,12:35:21,15:35:52,16:51:04,18:06:17,,18:46:28,19:18:17,,
2053-03-18,Tuesday,28 Adar 5813,,04:42:13,04:50:36,05:06:41,06:02:36,08:27:47,09:03:47,09:40:11,10:04:11,12:04:58,12:35:10,15:36:21,16:51:50,18:07:20,,18:47:32,19:19:20,,
2053-03-19,Wednesday,29 Adar 5813,,04:40:30,04:48:59,05:05:01,06:00:59,08:26:50,09:02:50,09:39:27,10:03:27,12:04:41,12:34:59,15:36:50,16:52:36,18:08:22,,18:48:35,19:20:22,,
2053-03-20,Thursday,1 Nissan 5813,,04:38:47,04:47:22,05:03:21,05:59:22,08:25:52,09:01:52,09:38:43,10:02:43,12:04:23,12:34:48,15:37:19,16:53:21,18:09:24,,18:49:39,19:21:24,,
2053-03-21,Friday,2 Nissan 5813,,04:37:03,04:45:44,05:01:41,05:57:44,08:24:55,09:00:55,09:37:58,10:01:58,12:04:05,12:34:37,15:37:47,16:54:07,18:10:26,17:52:26,18:50:43,19:22:26,,
2053-03-22,Saturday,3 Nissan 5813,,04:35:19,04:44:07,05:00:00,05:56:07,08:23:57,08:59:57,09:37:14,10:01:14,12:03:47,12:34:26,15:38:16,16:54:52,18:11:28,,18:51:47,19:23:28,18:51:47,19:23:28
2053-03-23,Sunday,4 Nissan 5813,,04:33:35,04:42:29,04:58:19,05:54:29,08:22:59,08:58:59,09:36:29,10:00:29,12:03:30,12:34:15,15:38:45,16:55:37,18:12:30,,18:52:51,19:24:30,,
2053-03-24,Monday,5 Nissan 5813,,04:31:50,04:40:52,04:56:37,05:52:52,08:22:02,08:58:02,09:35:45,09:59:45,12:03:12,12:34:03,15:39:13,16:56:22,18:13:32,,18:53:55,19:25:32,,
2053-03-25,Tuesday,6 Nissan 5813,,04:30:04,04:39:14,04:54:55,05:51:14,08:21:04,08:57:04,09:35:00,09:59:00,12:02:54,12:33:52,15:39:42,16:57:07,18:14:33,,18:54:59,19:26:33,,
2053-03-26,Wednesday,7 Nissan 5813,,04:28:19,04:37:37,04:53:13,05:49:37,08:20:06,08:56:06,09:34:16,09:58:16,12:02:36,12:33:41,15:40:10,16:57:52,18:15:35,,18:56:03,19:27:35,,
2053-03-27,Thursday,8 Nissan 5813,,04:26:32,04:35:59,04:51:31,05:47:59,08:19:08,08:55:08,09:33:32,09:57:32,12:02:18,12:33:29,15:40:38,16:58:37,18:16:36,,18:57:08,19:28:36,,
2053-03-28,Friday,9 Nissan 5813,,04:24:46,04:34:22,04:49:49,05:46:22,08:18:11,08:54:11,09:32:47,09:56:47,12:02:00,12:33:18,15:41:07,16:59:22,18:17:37,17:59:37,18:58:12,19:29:37,,
2053-03-29,Saturday,10 Nissan 5813,,04:22:59,04:32:45,04:48:07,05:44:45,08:17:13,08:53:13,09:32:03,09:56:03,12:01:42,12:33:07,15:41:35,17:00:07,18:18:39,,18:59:17,19:30:39,18:59:17,19:30:39
2053-03-30,Sunday,11 Nissan 5813,,04:21:12,04:31:08,04:46:24,05:43:08,08:16:16,08:52:16,09:31:19,09:55:19,12:01:24,12:32:55,15:42:03,17:00:52,18:19:40,,19:00:22,19:31:40,,
2053-03-31,Monday,12 Nissan 5813,,04:19:25,04:29:31,04:44:41,05:41:31,08:15:19,08:51:19,09:30:35,09:54:35,12:01:06,12:32:44,15:42:32,17:01:36,18:20:41,,19:01:27,19:32:41,,
2053-04-01,Tuesday,13 Nissan 5813,,04:17:37,04:27:55,04:42:59,05:39:55,08:14:22,08:50:22,09:29:51,09:53:51,12:00:49,12:32:33,15:43:00,17:02:21,18:21:42,,19:02:32,19:33:42,,
2053-04-02,Wednesday,14 Nissan 5813,erev pesach,04:15:50,04:26:19,04:41:16,05:38:19,08:13:25,08:49:25,09:29:07,09:53:07,12:00:31,12:32:22,15:43:28,17:03:06,18:22:44,18:04:44,19:03:38,19:34:44,,
2053-04-03,Thursday,15 Nissan 5813,pesach,04:14:02,04:24:43,04:39:33,05:36:43,08:12:28,08:48:28,09:28:24,09:52:24,12:00:14,12:32:11,15:43:57,17:03:51,18:23:45,after 19:04:43,19:04:43,19:35:45,,
2053-04-04,Friday,16 Nissan 5813,pesach,04:12:14,04:23:07,04:37:51,05:35:07,08:11:32,08:47:32,09:27:40,09:51:40,11:59:57,12:32:01,15:44:25,17:04:36,18:24:46,18:06:46,19:05:49,19:36:46,,
2053-04-05,Saturday,17 Nissan 5813,chol hamoed pesach,04:10:26,04:21:32,04:36:08,05:33:32,08:10:36,08:46:36,09:26:57,09:50:57,11:59:40,12:31:50,15:44:54,17:05:20,18:25:47,,19:06:55,19:37:47,19:06:55,19:37:47
2053-04-06,Sunday,18 Nissan 5813,chol hamoed pesach,04:08:38,04:19:58,04:34:26,05:31:58,08:09:40,08:45:40,09:26:14,09:50:14,11:59:23,12:31:40,15:45:23,17:06:05,18:26:48,,19:08:01,19:38:48,,
2053-04-07,Monday,19 Nissan 5813,chol hamoed pesach,04:06:50,04:18:23,04:32:43,05:30:23,08:08:45,08:44:45,09:25:32,09:49:32,11:59:06,12:31:30,15:45:51,17:06:50,18:27:49,,19:09:07,19:39:49,,
2053-04-08,Tuesday,20 Nissan 5813,chol hamoed pesach,04:05:02,04:16:49,04:31:01,05:28:49,08:07:50,08:43:50,09:24:50,09:48:50,11:58:50,12:31:20,15:46:20,17:07:35,18:28:50,18:10:50,19:10:14,19:40:50,,
2053-04-09,Wednesday,21 Nissan 5813,pesach,04:03:14,04:15:16,04:29:19,05:27:16,08:06:55,08:42:55,09:24:08,09:48:08,11:58:34,12:31:10,15:46:49,17:08:20,18:29:52,after 19:11:20,19:11:20,19:41:52,,
2053-04-10,Thursday,22 Nissan 5813,pesach,04:01:26,04:13:43,04:27:38,05:25:43,08:06:01,08:42:01,09:23:26,09:47:26,11:58:18,12:31:01,15:47:18,17:09:06,18:30:53,,19:12:27,19:42:53,19:12:27,19:42:53
2053-04-11,Friday,23 Nissan 5813,,03:59:38,04:12:11,04:25:56,05:24:11,08:05:07,08:41:07,09:22:45,09:46:45,11:58:02,12:30:52,15:47:48,17:09:51,18:31:54,18:13:54,19:13:35,19:43:54,,
2053-04-12,Saturday,24 Nissan 5813,,03:57:50,04:10:39,04:24:15,05:22:39,08:04:13,08:40:13,09:22:04,09:46:04,11:57:47,12:30:43,15:48:17,17:10:36,18:32:55,,19:14:42,19:44:55,19:14:42,19:44:55
2053-04-13,Sunday,25 Nissan 5813,,03:56:03,04:09:08,04:22:35,05:21:08,08:03:20,08:39:20,09:21:24,09:45:24,11:57:32,12:30:34,15:48:46,17:11:21,18:33:57,,19:15:50,19:45:57,,
2053-04-14,Monday,26 Nissan 5813,,03:54:15,04:07:37,04:20:54,05:19:37,08:02:28,08:38:28,09:20:44,09:44:44,11:57:18,12:30:26,15:49:16,17:12:07,18:34:58,,19:16:57,19:46:58,,
2053-04-15,Tuesday,27 Nissan 5813,,03:52:28,04:06:08,04:19:14,05:18:08,08:01:36,08:37:36,09:20:05,09:44:05,11:57:03,12:30:18,15:49:46,17:12:53,18:35:59,,19:18:05,19:47:59,,
2053-04-16,Wednesday,28 Nissan 5813,,03:50:41,04:04:39,04:17:35,05:16:39,08:00:44,08:36:44,09:19:26,09:43:26,11:56:49,12:30:10,15:50:16,17:13:38,18:37:00,,19:19:13,19:49:00,,
2053-04-17,Thursday,29 Nissan 5813,,03:48:55,04:03:10,04:15:56,05:15:10,07:59:53,08:35:53,09:18:47,09:42:47,11:56:36,12:30:03,15:50:46,17:14:24,18:38:02,,19:20:22,19:50:02,,
2053-04-18,Friday,30 Nissan 5813,,03:47:09,04:01:42,04:14:17,05:13:42,07:59:03,08:35:03,09:18:09,09:42:09,11:56:23,12:29:56,15:51:16,17:15:10,18:39:03,18:21:03,19:21:30,19:51:03,,
2053-04-19,Saturday,1 Iyar 5813,,03:45:23,04:00:16,04:12:39,05:12:16,07:58:13,08:34:13,09:17:32,09:41:32,11:56:10,12:29:50,15:51:47,17:15:56,18:40:05,,19:22:39,19:52:05,19:22:39,19:52:05
2053-04-20,Sunday,2 Iyar 5813,,03:43:37,03:58:50,04:11:02,05:10:50,07:57:24,08:33:24,09:16:55,09:40:55,11:55:58,12:29:43,15:52:18,17:16:42,18:41:06,,19:23:48,19:53:06,,
2053-04-21,Monday,3 Iyar 5813,,03:41:52,03:57:24,04:09:25,05:09:24,07:56:35,08:32:35,09:16:19,09:40:19,11:55:46,12:29:38,15:52:48,17:17:28,18:42:07,,19:24:57,19:54:07,,
2053-04-22,Tuesday,4 Iyar 5813,,03:40:08,03:56:00,04:07:49,05:08:00,07:55:47,08:31:47,09:15:43,09:39:43,11:55:34,12:29:32,15:53:19,17:18:14,18:43:09,,19:26:06,19:55:09,,
2053-04-23,Wednesday,5 Iyar 5813,,03:38:24,03:54:37,04:06:13,05:06:37,07:55:00,08:31:00,09:15:08,09:39:08,11:55:23,12:29:27,15:53:51,17:19:00,18:44:10,,19:27:15,19:56:10,,
2053-04-24,Thursday,6 Iyar 5813,,03:36:40,03:53:14,04:04:39,05:05:14,07:54:14,08:30:14,09:14:33,09:38:33,11:55:13,12:29:23,15:54:22,17:19:47,18:45:11,,19:28:25,19:57:11,,
2053-04-25,Friday,7 Iyar 5813,,03:34:58,03:51:53,04:03:05,05:03:53,07:53:28,08:29:28,09:14:00,09:38:00,11:55:03,12:29:19,15:54:54,17:20:33,18:46:13,18:28:13,19:29:34,19:58:13,,
2053-04-26,Saturday,8 Iyar 5813,,03:33:16,03:50:33,04:01:31,05:02:33,07:52:43,08:28:43,09:13:26,09:37:26,11:54:53,12:29:15,15:55:25,17:21:20,18:47:14,,19:30:44,19:59:14,19:30:44,19:59:14
2053-04-27,Sunday,9 Iyar 5813,,03:31:34,03:49:13,03:59:59,05:01:13,07:51:59,08:27:59,09:12:54,09:36:54,11:54:44,12:29:12,15:55:57,17:22:06,18:48:15,,19:31:53,20:00:15,,
2053-04-28,Monday,10 Iyar 5813,,03:29:54,03:47:55,03:58:28,04:59:55,07:51:15,08:27:15,09:12:22,09:36:22,11:54:36,12:29:09,15:56:29,17:22:53,18:49:16,,19:33:03,20:01:16,,
2053-04-29,Tuesday,11 Iyar 5813,,03:28:14,03:46:38,03:56:57,04:58:38,07:50:33,08:26:33,09:11:51,09:35:51,11:54:27,12:29:07,15:57:01,17:23:39,18:50:17,,19:34:13,20:02:17,,
2053-04-30,Wednesday,12 Iyar 5813,,03:26:35,03:45:22,03:55:28,04:57:22,07:49:51,08:25:51,09:11:20,09:35:20,11:54:20,12:29:05,15:57:34,17:24:26,18:51:18,,19:35:22,20:03:18,,
2053-05-01,Thursday,13 Iyar 5813,,03:24:56,03:44:07,03:53:59,04:56:07,07:49:10,08:25:10,09:10:51,09:34:51,11:54:13,12:29:03,15:58:06,17:25:13,18:52:19,,19:36:32,20:04:19,,
2053-05-02,Friday,14 Iyar 5813,pesach sheni,03:23:19,03:42:53,03:52:32,04:54:53,07:48:30,08:24:30,09:10:22,09:34:22,11:54:06,12:29:02,15:58:39,17:25:59,18:53:20,18:35:20,19:37:42,20:05:20,,
2053-05-03,Saturday,15 Iyar 5813,,03:21:43,03:41:41,03:51:06,04:53:41,07:47:50,08:23:50,09:09:54,09:33:54,11:54:00,12:29:02,15:59:12,17:26:46,18:54:20,,19:38:51,20:06:20,19:38:51,20:06:20
2053-05-04,Sunday,16 Iyar 5813,,03:20:07,03:40:29,03:49:40,04:52:29,07:47:12,08:23:12,09:09:26,09:33:26,11:53:55,12:29:02,15:59:45,17:27:33,18:55:21,,19:40:01,20:07:21,,
2053-05-05,Monday,17 Iyar 5813,,03:18:33,03:39:19,03:48:16,04:51:19,07:46:35,08:22:35,09:09:00,09:33:00,11:53:50,12:29:03,16:00:18,17:28:19,18:56:21,,19:41:10,20:08:21,,
2053-05-06,Tuesday,18 Iyar 5813,lag baomer,03:17:00,03:38:11,03:46:53,04:50:11,07:45:58,08:21:58,09:08:34,09:32:34,11:53:46,12:29:04,16:00:51,17:29:06,18:57:21,,19:42:19,20:09:21,,
2053-05-07,Wednesday,19 Iyar 5813,,03:15:28,03:37:04,03:45:32,04:49:04,07:45:23,08:21:23,09:08:09,09:32:09,11:53:42,12:29:05,16:01:24,17:29:52,18:58:20,,19:43:28,20:10:20,,
2053-05-08,Thursday,20 Iyar 5813,,03:13:57,03:35:58,03:44:12,04:47:58,07:44:48,08:20:48,09:07:45,09:31:45,11:53:39,12:29:07,16:01:58,17:30:39,18:59:20,,19:44:37,20:11:20,,
2053-05-09,Friday,21 Iyar 5813,,03:12:28,03:34:53,03:42:53,04:46:53,07:44:15,08:20:15,09:07:22,09:31:22,11:53:36,12:29:10,16:02:31,17:31:25,19:00:19,18:42:19,19:45:45,20:12:19,,
2053-05-10,Saturday,22 Iyar 5813,,03:11:00,03:33:50,03:41:35,04:45:50,07:43:42,08:19:42,09:06:59,09:30:59,11:53:34,12:29:13,16:03:04,17:32:11,19:01:18,,19:46:53,20:13:18,19:46:53,20:13:18
2053-05-11,Sunday,23 Iyar 5813,,03:09:33,03:32:49,03:40:19,04:44:49,07:43:11,08:19:11,09:06:38,09:30:38,11:53:32,12:29:16,16:03:38,17:32:57,19:02:16,,19:48:01,20:14:16,,
2053-05-12,Monday,24 Iyar 5813,,03:08:07,03:31:49,03:39:05,04:43:49,07:42:40,08:18:40,09:06:17,09:30:17,11:53:32,12:29:20,16:04:11,17:33:43,19:03:14,,19:49:08,20:15:14,,
2053-05-13,Tuesday,25 Iyar 5813,,03:06:43,03:30:50,03:37:51,04:42:50,07:42:11,08:18:11,09:05:58,09:29:58,11:53:31,12:29:24,16:04:45,17:34:28,19:04:12,,19:50:15,20:16:12,,
2053-05-14,Wednesday,26 Iyar 5813,,03:05:21,03:29:53,03:36:40,04:41:53,07:41:42,08:17:42,09:05:39,09:29:39,11:53:31,12:29:29,16:05:18,17:35:14,19:05:09,,19:51:22,20:17:09,,
2053-05-15,Thursday,27 Iyar 5813,,03:04:00,03:28:58,03:35:30,04:40:58,07:41:15,08:17:15,09:05:21,09:29:21,11:53:32,12:29:35,16:05:52,17:35:59,19:06:06,,19:52:28,20:18:06,,
2053-05-16,Friday,28 Iyar 5813,,03:02:41,03:28:04,03:34:22,04:40:04,07:40:49,08:16:49,09:05:04,09:29:04,11:53:33,12:29:41,16:06:25,17:36:43,19:07:02,18:49:02,19:53:33,20:19:02,,
2053-05-17,Saturday,29 Iyar 5813,,03:01:24,03:27:12,03:33:15,04:39:12,07:40:24,08:16:24,09:04:47,09:28:47,11:53:35,12:29:47,16:06:58,17:37:28,19:07:58,,19:54:38,20:19:58,19:54:38,20:19:58
2053-05-18,Sunday,1 Sivan 5813,,03:00:08,03:26:22,03:32:11,04:38:22,07:40:00,08:16:00,09:04:32,09:28:32,11:53:37,12:29:54,16:07:31,17:38:12,19:08:53,,19:55:42,20:20:53,,
2053-05-19,Monday,2 Sivan 5813,,02:58:54,03:25:33,03:31:08,04:37:33,07:39:37,08:15:37,09:04:18,09:28:18,11:53:40,12:30:01,16:08:04,17:38:56,19:09:47,,19:56:46,20:21:47,,
2053-05-20,Tuesday,3 Sivan 5813,,02:57:42,03:24:46,03:30:06,04:36:46,07:39:15,08:15:15,09:04:04,09:28:04,11:53:44,12:30:08,16:08:37,17:39:39,19:10:41,,19:57:49,20:22:41,,
2053-05-21,Wednesday,4 Sivan 5813,,02:56:32,03:24:01,03:29:07,04:36:01,07:38:54,08:14:54,09:03:52,09:27:52,11:53:47,12:30:16,16:09:10,17:40:22,19:11:34,,19:58:51,20:23:34,,
2053-05-22,Thursday,5 Sivan 5813,erev shavuos,02:55:24,03:23:17,03:28:10,04:35:17,07:38:35,08:14:35,09:03:40,09:27:40,11:53:52,12:30:25,16:09:42,17:41:04,19:12:26,18:54:26,19:59:52,20:24:26,,
2053-05-23,Friday,6 Sivan 5813,shavuos,02:54:18,03:22:36,03:27:14,04:34:36,07:38:16,08:14:16,09:03:30,09:27:30,11:53:57,12:30:34,16:10:14,17:41:46,19:13:18,18:55:18,20:00:52,20:25:18,,
2053-05-24,Saturday,7 Sivan 5813,shavuos,02:53:14,03:21:56,03:26:21,04:33:56,07:37:59,08:13:59,09:03:20,09:27:20,11:54:02,12:30:43,16:10:46,17:42:27,19:14:09,,20:01:51,20:26:09,20:01:51,20:26:09
2053-05-25,Sunday,8 Sivan 5813,,02:52:13,03:21:17,03:25:30,04:33:17,07:37:43,08:13:43,09:03:11,09:27:11,11:54:08,12:30:52,16:11:18,17:43:08,19:14:59,,20:02:49,20:26:59,,
2053-05-26,Monday,9 Sivan 5813,,02:51:13,03:20:41,03:24:40,04:32:41,07:37:28,08:13:28,09:03:03,09:27:03,11:54:14,12:31:02,16:11:49,17:43:48,19:15:48,,20:03:46,20:27:48,,
2053-05-27,Tuesday,10 Sivan 5813,,02:50:16,03:20:07,03:23:53,04:32:07,07:37:14,08:13:14,09:02:56,09:26:56,11:54:21,12:31:12,16:12:20,17:44:28,19:16:36,,20:04:42,20:28:36,,
2053-05-28,Wednesday,11 Sivan 5813,,02:49:21,03:19:34,03:23:08,04:31:34,07:37:01,08:13:01,09:02:50,09:26:50,11:54:29,12:31:23,16:12:50,17:45:07,19:17:23,,20:05:37,20:29:23,,
2053-05-29,Thursday,12 Sivan 5813,,02:48:29,03:19:03,03:22:26,04:31:03,07:36:50,08:12:50,09:02:45,09:26:45,11:54:36,12:31:34,16:13:20,17:45:45,19:18:09,,20:06:31,20:30:09,,
2053-05-30,Friday,13 Sivan 5813,,02:47:39,03:18:34,03:21:45,04:30:34,07:36:39,08:12:39,09:02:41,09:26:41,11:54:44,12:31:45,16:13:50,17:46:22,19:18:54,19:00:54,20:07:23,20:30:54,,
2053-05-31,Saturday,14 Sivan 5813,,02:46:51,03:18:08,03:21:07,04:30:08,07:36:30,08:12:30,09:02:38,09:26:38,11:54:53,12:31:57,16:14:19,17:46:59,19:19:38,,20:08:14,20:31:38,20:08:14,20:31:38
2053-06-01,Sunday,15 Sivan 5813,,02:46:06,03:17:43,03:20:31,04:29:43,07:36:22,08:12:22,09:02:35,09:26:35,11:55:02,12:32:08,16:14:48,17:47:34,19:20:21,,20:09:03,20:32:21,,
2053-06-02,Monday,16 Sivan 5813,,02:45:24,03:17:19,03:19:57,04:29:19,07:36:15,08:12:15,09:02:34,09:26:34,11:55:11,12:32:20,16:15:16,17:48:09,19:21:03,,20:09:51,20:33:03,,
2053-06-03,Tuesday,17 Sivan 5813,,02:44:44,03:16:58,03:19:26,04:28:58,07:36:09,08:12:09,09:02:33,09:26:33,11:55:21,12:32:32,16:15:44,17:48:43,19:21:43,,20:10:38,20:33:43,,
2053-06-04,Wednesday,18 Sivan 5813,,02:44:07,03:16:39,03:18:57,04:28:39,07:36:05,08:12:05,09:02:33,09:26:33,11:55:31,12:32:45,16:16:11,17:49:16,19:22:22,,20:11:23,20:34:22,,
2053-06-05,Thursday,19 Sivan 5813,,02:43:33,03:16:22,03:18:30,04:28:22,07:36:01,08:12:01,09:02:35,09:26:35,11:55:41,12:32:57,16:16:37,17:49:48,19:23:00,,20:12:06,20:35:00,,
2053-06-06,Friday,20 Sivan 5813,,02:43:02,03:16:07,03:18:06,04:28:07,07:35:59,08:11:59,09:02:36,09:26:36,11:55:51,12:33:10,16:17:03,17:50:19,19:23:36,19:05:36,20:12:48,20:35:36,,
2053-06-07,Saturday,21 Sivan 5813,,02:42:33,03:15:53,03:17:44,04:27:53,07:35:58,08:11:58,09:02:39,09:26:39,11:56:02,12:33:23,16:17:27,17:50:49,19:24:11,,20:13:28,20:36:11,20:13:28,20:36:11
2053-06-08,Sunday,22 Sivan 5813,,02:42:07,03:15:42,03:17:25,04:27:42,07:35:58,08:11:58,09:02:43,09:26:43,11:56:13,12:33:36,16:17:52,17:51:18,19:24:45,,20:14:06,20:36:45,,
2053-06-09,Monday,23 Sivan 5813,,02:41:44,03:15:32,03:17:08,04:27:32,07:35:58,08:11:58,09:02:47,09:26:47,11:56:25,12:33:49,16:18:15,17:51:46,19:25:17,,20:14:42,20:37:17,,
2053-06-10,Tuesday,24 Sivan 5813,,02:41:24,03:15:25,03:16:54,04:27:25,07:36:00,08:12:00,09:02:52,09:26:52,11:56:36,12:34:02,16:18:38,17:52:13,19:25:48,,20:15:17,20:37:48,,
2053-06-11,Wednesday,25 Sivan 5813,,02:41:07,03:15:19,03:16:42,04:27:19,07:36:04,08:12:04,09:02:58,09:26:58,11:56:48,12:34:15,16:19:00,17:52:38,19:26:17,,20:15:50,20:38:17,,
2053-06-12,Thursday,26 Sivan 5813,,02:40:53,03:15:16,03:16:33,04:27:16,07:36:08,08:12:08,09:03:05,09:27:05,11:57:00,12:34:29,16:19:21,17:53:02,19:26:44,,20:16:20,20:38:44,,
2053-06-13,Friday,27 Sivan 5813,,02:40:42,03:15:14,03:16:26,04:27:14,07:36:13,08:12:13,09:03:13,09:27:13,11:57:12,12:34:42,16:19:41,17:53:25,19:27:10,19:09:10,20:16:49,20:39:10,,
2053-06-14,Saturday,28 Sivan 5813,,02:40:34,03:15:14,03:16:22,04:27:14,07:36:19,08:12:19,09:03:21,09:27:21,11:57:24,12:34:55,16:20:00,17:53:47,19:27:34,,20:17:16,20:39:34,20:17:16,20:39:34
2053-06-15,Sunday,29 Sivan 5813,,02:40:29,03:15:16,03:16:20,04:27:16,07:36:26,08:12:26,09:03:30,09:27:30,11:57:36,12:35:08,16:20:18,17:54:08,19:27:57,,20:17:40,20:39:57,,
2053-06-16,Monday,30 Sivan 5813,,02:40:27,03:15:20,03:16:21,04:27:20,07:36:34,08:12:34,09:03:39,09:27:39,11:57:49,12:35:21,16:20:36,17:54:27,19:28:18,,20:18:03,20:40:18,,
2053-06-17,Tuesday,1 Tammuz 5813,,02:40:28,03:15:26,03:16:24,04:27:26,07:36:44,08:12:44,09:03:49,09:27:49,11:58:01,12:35:34,16:20:52,17:54:44,19:28:37,,20:18:23,20:40:37,,
2053-06-18,Wednesday,2 Tammuz 5813,,02:40:32,03:15:33,03:16:30,04:27:33,07:36:54,08:12:54,09:04:00,09:28:00,11:58:14,12:35:47,16:21:07,17:55:01,19:28:54,,20:18:41,20:40:54,,
2053-06-19,Thursday,3 Tammuz 5813,,02:40:39,03:15:43,03:16:38,04:27:43,07:37:05,08:13:05,09:04:12,09:28:12,11:58:26,12:36:00,16:21:22,17:55:16,19:29:10,,20:18:57,20:41:10,,
2053-06-20,Friday,4 Tammuz 5813,,02:40:49,03:15:54,03:16:48,04:27:54,07:37:17,08:13:17,09:04:24,09:28:24,11:58:39,12:36:13,16:21:35,17:55:29,19:29:23,19:11:23,20:19:11,20:41:23,,
2053-06-21,Saturday,5 Tammuz 5813,,02:41:02,03:16:07,03:17:01,04:28:07,07:37:29,08:13:29,09:04:37,09:28:37,11:58:51,12:36:25,16:21:47,17:55:41,19:29:35,,20:19:23,20:41:35,20:19:23,20:41:35
2053-06-22,Sunday,6 Tammuz 5813,,02:41:18,03:16:22,03:17:17,04:28:22,07:37:43,08:13:43,09:04:50,09:28:50,11:59:04,12:36:37,16:21:58,17:55:52,19:29:45,,20:19:32,20:41:45,,
2053-06-23,Monday,7 Tammuz 5813,,02:41:36,03:16:39,03:17:34,04:28:39,07:37:57,08:13:57,09:05:04,09:29:04,11:59:16,12:36:49,16:22:08,17:56:01,19:29:53,,20:19:39,20:41:53,,
2053-06-24,Tuesday,8 Tammuz 5813,,02:41:58,03:16:57,03:17:55,04:28:57,07:38:13,08:14:13,09:05:18,09:29:18,11:59:28,12:37:01,16:22:17,17:56:08,19:30:00,,20:19:44,20:42:00,,
2053-06-25,Wednesday,9 Tammuz 5813,,02:42:23,03:17:17,03:18:17,04:29:17,07:38:29,08:14:29,09:05:33,09:29:33,11:59:40,12:37:12,16:22:24,17:56:14,19:30:04,,20:19:46,20:42:04,,
2053-06-26,Thursday,10 Tammuz 5813,,02:42:50,03:17:39,03:18:42,04:29:39,07:38:46,08:14:46,09:05:48,09:29:48,11:59:52,12:37:24,16:22:30,17:56:18,19:30:06,,20:19:46,20:42:06,,
2053-06-27,Friday,11 Tammuz 5813,,02:43:20,03:18:02,03:19:08,04:30:02,07:39:03,08:15:03,09:06:04,09:30:04,12:00:04,12:37:34,16:22:36,17:56:21,19:30:07,19:12:07,20:19:44,20:42:07,,
2053-06-28,Saturday,12 Tammuz 5813,,02:43:52,03:18:27,03:19:38,04:30:27,07:39:21,08:15:21,09:06:20,09:30:20,12:00:16,12:37:45,16:22:40,17:56:22,19:30:05,,20:19:39,20:42:05,20:19:39,20:42:05
2053-06-29,Sunday,13 Tammuz 5813,,02:44:28,03:18:53,03:20:09,04:30:53,07:39:40,08:15:40,09:06:36,09:30:36,12:00:27,12:37:55,16:22:42,17:56:22,19:30:01,,20:19:32,20:42:01,,
2053-06-30,Monday,14 Tammuz 5813,,02:45:06,03:19:21,03:20:42,04:31:21,07:40:00,08:16:00,09:06:53,09:30:53,12:00:39,12:38:05,16:22:44,17:56:20,19:29:56,,20:19:23,20:41:56,,
2053-07-01,Tuesday,15 Tammuz 5813,,02:45:46,03:19:51,03:21:17,04:31:51,07:40:20,08:16:20,09:07:10,09:31:10,12:00:50,12:38:14,16:22:44,17:56:16,19:29:48,,20:19:11,20:41:48,,
2053-07-02,Wednesday,16 Tammuz 5813,,02:46:29,03:20:21,03:21:55,04:32:21,07:40:41,08:16:41,09:07:27,09:31:27,12:01:00,12:38:23,16:22:43,17:56:11,19:29:39,,20:18:57,20:41:39,,
2053-07-03,Thursday,17 Tammuz 5813,seventeen of tammuz,02:47:14,03:20:54,03:22:34,04:32:54,07:41:02,08:17:02,09:07:45,09:31:45,12:01:11,12:38:32,16:22:40,17:56:04,19:29:28,,20:18:41,20:41:28,,
2053-07-04,Friday,18 Tammuz 5813,,02:48:02,03:21:27,03:23:15,04:33:27,07:41:24,08:17:24,09:08:03,09:32:03,12:01:21,12:38:40,16:22:37,17:55:55,19:29:14,19:11:14,20:18:22,20:41:14,,
2053-07-05,Saturday,19 Tammuz 5813,,02:48:51,03:22:02,03:23:58,04:34:02,07:41:46,08:17:46,09:08:21,09:32:21,12:01:30,12:38:48,16:22:32,17:55:45,19:28:59,,20:18:01,20:40:59,20:18:01,20:40:59
2053-07-06,Sunday,20 Tammuz 5813,,02:49:43,03:22:38,03:24:43,04:34:38,07:42:09,08:18:09,09:08:39,09:32:39,12:01:40,12:38:55,16:22:26,17:55:33,19:28:41,,20:17:38,20:40:41,,
2053-07-07,Monday,21 Tammuz 5813,,02:50:37,03:23:16,03:25:30,04:35:16,07:42:32,08:18:32,09:08:58,09:32:58,12:01:49,12:39:02,16:22:18,17:55:20,19:28:22,,20:17:13,20:40:22,,
2053-07-08,Tuesday,22 Tammuz 5813,,02:51:33,03:23:54,03:26:18,04:35:54,07:42:56,08:18:56,09:09:16,09:33:16,12:01:57,12:39:08,16:22:09,17:55:05,19:28:00,,20:16:45,20:40:00,,
2053-07-09,Wednesday,23 Tammuz 5813,,02:52:31,03:24:34,03:27:08,04:36:34,07:43:20,08:19:20,09:09:35,09:33:35,12:02:06,12:39:13,16:21:59,17:54:48,19:27:37,,20:16:15,20:39:37,,
2053-07-10,Thursday,24 Tammuz 5813,,02:53:31,03:25:15,03:27:59,04:37:15,07:43:44,08:19:44,09:09:54,09:33:54,12:02:13,12:39:18,16:21:47,17:54:30,19:27:12,,20:15:43,20:39:12,,
2053-07-11,Friday,25 Tammuz 5813,,02:54:33,03:25:57,03:28:52,04:37:57,07:44:09,08:20:09,09:10:13,09:34:13,12:02:21,12:39:23,16:21:35,17:54:09,19:26:44,19:08:44,20:15:09,20:38:44,,
2053-07-12,Saturday,26 Tammuz 5813,,02:55:36,03:26:40,03:29:46,04:38:40,07:44:34,08:20:34,09:10:32,09:34:32,12:02:28,12:39:27,16:21:20,17:53:48,19:26:15,,20:14:32,20:38:15,20:14:32,20:38:15
2053-07-13,Sunday,27 Tammuz 5813,,02:56:41,03:27:24,03:30:42,04:39:24,07:44:59,08:20:59,09:10:51,09:34:51,12:02:34,12:39:30,16:21:05,17:53:24,19:25:44,,20:13:53,20:37:44,,
2053-07-14,Monday,28 Tammuz 5813,,02:57:47,03:28:09,03:31:39,04:40:09,07:45:25,08:21:25,09:11:10,09:35:10,12:02:40,12:39:33,16:20:48,17:52:59,19:25:11,,20:13:12,20:37:11,,
2053-07-15,Tuesday,29 Tammuz 5813,,02:58:55,03:28:55,03:32:37,04:40:55,07:45:50,08:21:50,09:11:29,09:35:29,12:02:46,12:39:35,16:20:30,17:52:33,19:24:36,,20:12:29,20:36:36,,
2053-07-16,Wednesday,1 Av 5813,,03:00:04,03:29:42,03:33:36,04:41:42,07:46:16,08:22:16,09:11:48,09:35:48,12:02:51,12:39:36,16:20:10,17:52:05,19:23:59,,20:11:44,20:35:59,,
2053-07-17,Thursday,2 Av 5813,,03:01:15,03:30:30,03:34:36,04:42:30,07:46:42,08:22:42,09:12:07,09:36:07,12:02:55,12:39:37,16:19:50,17:51:35,19:23:20,,20:10:57,20:35:20,,
2053-07-18,Friday,3 Av 5813,,03:02:26,03:31:18,03:35:38,04:43:18,07:47:09,08:23:09,09:12:25,09:36:25,12:02:59,12:39:37,16:19:28,17:51:04,19:22:40,19:04:40,20:10:08,20:34:40,,
2053-07-19,Saturday,4 Av 5813,,03:03:39,03:32:07,03:36:40,04:44:07,07:47:35,08:23:35,09:12:44,09:36:44,12:03:02,12:39:37,16:19:04,17:50:31,19:21:57,,20:09:17,20:33:57,20:09:17,20:33:57
2053-07-20,Sunday,5 Av 5813,,03:04:53,03:32:57,03:37:43,04:44:57,07:48:01,08:24:01,09:13:03,09:37:03,12:03:05,12:39:36,16:18:40,17:49:56,19:21:13,,20:08:24,20:33:13,,
2053-07-21,Monday,6 Av 5813,,03:06:08,03:33:48,03:38:48,04:45:48,07:48:28,08:24:28,09:13:21,09:37:21,12:03:07,12:39:34,16:18:14,17:49:20,19:20:27,,20:07:30,20:32:27,,
2053-07-22,Tuesday,7 Av 5813,,03:07:23,03:34:39,03:39:52,04:46:39,07:48:54,08:24:54,09:13:39,09:37:39,12:03:09,12:39:32,16:17:47,17:48:43,19:19:39,,20:06:33,20:31:39,,
2053-07-23,Wednesday,8 Av 5813,,03:08:40,03:35:31,03:40:58,04:47:31,07:49:21,08:25:21,09:13:57,09:37:57,12:03:10,12:39:29,16:17:18,17:48:04,19:18:50,,20:05:34,20:30:50,,
2053-07-24,Thursday,9 Av 5813,tisha beav,03:09:57,03:36:23,03:42:05,04:48:23,07:49:47,08:25:47,09:14:15,09:38:15,12:03:11,12:39:25,16:16:49,17:47:24,19:17:59,,20:04:34,20:29:59,,
2053-07-25,Friday,10 Av 5813,,03:11:14,03:37:16,03:43:12,04:49:16,07:50:13,08:26:13,09:14:33,09:38:33,12:03:11,12:39:20,16:16:18,17:46:42,19:17:06,18:59:06,20:03:32,20:29:06,,
2053-07-26,Saturday,11 Av 5813,,03:12:33,03:38:09,03:44:19,04:50:09,07:50:40,08:26:40,09:14:50,09:38:50,12:03:10,12:39:15,16:15:46,17:45:58,19:16:11,,20:02:28,20:28:11,20:02:28,20:28:11
2053-07-27,Sunday,12 Av 5813,,03:13:52,03:39:03,03:45:27,04:51:03,07:51:06,08:27:06,09:15:07,09:39:07,12:03:09,12:39:09,16:15:12,17:45:14,19:15:15,,20:01:23,20:27:15,,
2053-07-28,Monday,13 Av 5813,,03:15:11,03:39:57,03:46:36,04:51:57,07:51:32,08:27:32,09:15:24,09:39:24,12:03:07,12:39:03,16:14:38,17:44:28,19:14:17,,20:00:16,20:26:17,,
2053-07-29,Tuesday,14 Av 5813,,03:16:31,03:40:52,03:47:45,04:52:52,07:51:58,08:27:58,09:15:41,09:39:41,12:03:05,12:38:56,16:14:02,17:43:40,19:13:18,,19:59:07,20:25:18,,
2053-07-30,Wednesday,15 Av 5813,tu beav,03:17:51,03:41:47,03:48:54,04:53:47,07:52:24,08:28:24,09:15:57,09:39:57,12:03:02,12:38:48,16:13:26,17:42:51,19:12:17,,19:57:57,20:24:17,,
2053-07-31,Thursday,16 Av 5813,,03:19:11,03:42:42,03:50:04,04:54:42,07:52:50,08:28:50,09:16:13,09:40:13,12:02:58,12:38:40,16:12:48,17:42:01,19:11:14,,19:56:45,20:23:14,,
2053-08-01,Friday,17 Av 5813,,03:20:32,03:43:38,03:51:14,04:55:38,07:53:16,08:29:16,09:16:29,09:40:29,12:02:54,12:38:30,16:12:09,17:41:09,19:10:10,18:52:10,19:55:32,20:22:10,,
2053-08-02,Saturday,18 Av 5813,,03:21:53,03:44:34,03:52:24,04:56:34,07:53:41,08:29:41,09:16:44,09:40:44,12:02:49,12:38:21,16:11:28,17:40:17,19:09:05,,19:54:17,20:21:05,19:54:17,20:21:05
2053-08-03,Sunday,19 Av 5813,,03:23:14,03:45:30,03:53:34,04:57:30,07:54:07,08:30:07,09:16:59,09:40:59,12:02:44,12:38:10,16:10:47,17:39:23,19:07:58,,19:53:01,20:19:58,,
2053-08-04,Monday,20 Av 5813,,03:24:35,03:46:26,03:54:45,04:58:26,07:54:32,08:30:32,09:17:14,09:41:14,12:02:38,12:37:59,16:10:05,17:38:27,19:06:50,,19:51:44,20:18:50,,
2053-08-05,Tuesday,21 Av 5813,,03:25:56,03:47:23,03:55:56,04:59:23,07:54:57,08:30:57,09:17:28,09:41:28,12:02:31,12:37:47,16:09:21,17:37:31,19:05:40,,19:50:25,20:17:40,,
2053-08-06,Wednesday,22 Av 5813,,03:27:17,03:48:19,03:57:06,05:00:19,07:55:22,08:31:22,09:17:43,09:41:43,12:02:24,12:37:35,16:08:37,17:36:33,19:04:29,,19:49:05,20:16:29,,
2053-08-07,Thursday,23 Av 5813,,03:28:38,03:49:16,03:58:17,05:01:16,07:55:46,08:31:46,09:17:56,09:41:56,12:02:16,12:37:21,16:07:52,17:35:34,19:03:17,,19:47:43,20:15:17,,
2053-08-08,Friday,24 Av 5813,,03:29:59,03:50:13,03:59:28,05:02:13,07:56:11,08:32:11,09:18:10,09:42:10,12:02:08,12:37:08,16:07:05,17:34:34,19:02:03,18:44:03,19:46:21,20:14:03,,
2053-08-09,Saturday,25 Av 5813,,03:31:19,03:51:10,04:00:39,05:03:10,07:56:35,08:32:35,09:18:23,09:42:23,12:01:59,12:36:53,16:06:18,17:33:33,19:00:48,,19:44:57,20:12:48,19:44:57,20:12:48
2053-08-10,Sunday,26 Av 5813,,03:32:40,03:52:07,04:01:50,05:04:07,07:56:59,08:32:59,09:18:36,09:42:36,12:01:50,12:36:38,16:05:30,17:32:31,18:59:32,,19:43:32,20:11:32,,
2053-08-11,Monday,27 Av 5813,,03:34:00,03:53:05,04:03:01,05:05:05,07:57:22,08:33:22,09:18:48,09:42:48,12:01:40,12:36:23,16:04:40,17:31:28,18:58:15,,19:42:06,20:10:15,,
2053-08-12,Tuesday,28 Av 5813,,03:35:21,03:54:02,04:04:11,05:06:02,07:57:46,08:33:46,09:19:00,09:43:00,12:01:29,12:36:07,16:03:50,17:30:23,18:56:57,,19:40:39,20:08:57,,
2053-08-13,Wednesday,29 Av 5813,,03:36:40,03:54:59,04:05:22,05:06:59,07:58:09,08:34:09,09:19:12,09:43:12,12:01:18,12:35:50,16:02:59,17:29:18,18:55:37,,19:39:11,20:07:37,,
2053-08-14,Thursday,30 Av 5813,,03:38:00,03:55:57,04:06:32,05:07:57,07:58:32,08:34:32,09:19:23,09:43:23,12:01:07,12:35:32,16:02:07,17:28:12,18:54:16,,19:37:42,20:06:16,,
2053-08-15,Friday,1 Elul 5813,,03:39:19,03:56:54,04:07:42,05:08:54,07:58:54,08:34:54,09:19:34,09:43:34,12:00:54,12:35:14,16:01:15,17:27:05,18:52:55,18:34:55,19:36:13,20:04:55,,
2053-08-16,Saturday,2 Elul 5813,,03:40:38,03:57:51,04:08:52,05:09:51,07:59:17,08:35:17,09:19:45,09:43:45,12:00:42,12:34:56,16:00:21,17:25:57,18:51:32,,19:34:42,20:03:32,19:34:42,20:03:32
2053-08-17,Sunday,3 Elul 5813,,03:41:57,03:58:49,04:10:02,05:10:49,07:59:39,08:35:39,09:19:55,09:43:55,12:00:29,12:34:37,15:59:27,17:24:48,18:50:08,,19:33:10,20:02:08,,
2053-08-18,Monday,4 Elul 5813,,03:43:15,03:59:46,04:11:12,05:11:46,08:00:01,08:36:01,09:20:05,09:44:05,12:00:15,12:34:17,15:58:32,17:23:38,18:48:44,,19:31:38,20:00:44,,
2053-08-19,Tuesday,5 Elul 5813,,03:44:33,04:00:44,04:12:21,05:12:44,08:00:22,08:36:22,09:20:15,09:44:15,12:00:01,12:33:57,15:57:36,17:22:27,18:47:18,,19:30:04,19:59:18,,
2053-08-20,Wednesday,6 Elul 5813,,03:45:51,04:01:41,04:13:30,05:13:41,08:00:44,08:36:44,09:20:24,09:44:24,11:59:46,12:33:37,15:56:39,17:21:15,18:45:51,,19:28:30,19:57:51,,
2053-08-21,Thursday,7 Elul 5813,,03:47:08,04:02:38,04:14:39,05:14:38,08:01:05,08:37:05,09:20:33,09:44:33,11:59:31,12:33:16,15:55:42,17:20:03,18:44:24,,19:26:55,19:56:24,,
2053-08-22,Friday,8 Elul 5813,,03:48:24,04:03:35,04:15:48,05:15:35,08:01:26,08:37:26,09:20:42,09:44:42,11:59:16,12:32:54,15:54:44,17:18:50,18:42:56,18:24:56,19:25:20,19:54:56,,
2053-08-23,Saturday,9 Elul 5813,,03:49:40,04:04:33,04:16:56,05:16:33,08:01:46,08:37:46,09:20:51,09:44:51,11:59:00,12:32:32,15:53:45,17:17:36,18:41:27,,19:23:44,19:53:27,19:23:44,19:53:27
2053-08-24,Sunday,10 Elul 5813,,03:50:56,04:05:30,04:18:04,05:17:30,08:02:07,08:38:07,09:20:59,09:44:59,11:58:43,12:32:09,15:52:46,17:16:22,18:39:57,,19:22:07,19:51:57,,
2053-08-25,Monday,11 Elul 5813,,03:52:11,04:06:27,04:19:12,05:18:27,08:02:27,08:38:27,09:21:07,09:45:07,11:58:27,12:31:47,15:51:46,17:15:06,18:38:26,,19:20:30,19:50:26,,
2053-08-26,Tuesday,12 Elul 5813,,03:53:26,04:07:24,04:20:19,05:19:24,08:02:47,08:38:47,09:21:14,09:45:14,11:58:09,12:31:23,15:50:46,17:13:50,18:36:55,,19:18:52,19:48:55,,
2053-08-27,Wednesday,13 Elul 5813,,03:54:41,04:08:21,04:21:27,05:20:21,08:03:07,08:39:07,09:21:22,09:45:22,11:57:52,12:31:00,15:49:45,17:12:34,18:35:23,,19:17:13,19:47:23,,
2053-08-28,Thursday,14 Elul 5813,,03:55:54,04:09:18,04:22:33,05:21:18,08:03:26,08:39:26,09:21:29,09:45:29,11:57:34,12:30:35,15:48:44,17:11:17,18:33:50,,19:15:34,19:45:50,,
2053-08-29,Friday,15 Elul 5813,,03:57:08,04:10:15,04:23:40,05:22:15,08:03:45,08:39:45,09:21:36,09:45:36,11:57:16,12:30:11,15:47:42,17:09:59,18:32:17,18:14:17,19:13:55,19:44:17,,
2053-08-30,Saturday,16 Elul 5813,,03:58:21,04:11:12,04:24:46,05:23:12,08:04:05,08:40:05,09:21:42,09:45:42,11:56:57,12:29:46,15:46:39,17:08:41,18:30:43,,19:12:15,19:42:43,19:12:15,19:42:43
2053-08-31,Sunday,17 Elul 5813,,03:59:33,04:12:09,04:25:52,05:24:09,08:04:24,08:40:24,09:21:49,09:45:49,11:56:39,12:29:21,15:45:36,17:07:22,18:29:09,,19:10:35,19:41:09,,
2053-09-01,Monday,18 Elul 5813,,04:00:45,04:13:05,04:26:58,05:25:05,08:04:42,08:40:42,09:21:55,09:45:55,11:56:19,12:28:56,15:44:33,17:06:03,18:27:34,,19:08:54,19:39:34,,
2053-09-02,Tuesday,19 Elul 5813,,04:01:57,04:14:02,04:28:03,05:26:02,08:05:01,08:41:01,09:22:01,09:46:01,11:56:00,12:28:30,15:43:29,17:04:43,18:25:58,,19:07:13,19:37:58,,
2053-09-03,Wednesday,20 Elul 5813,,04:03:08,04:14:59,04:29:08,05:26:59,08:05:20,08:41:20,09:22:07,09:46:07,11:55:40,12:28:04,15:42:25,17:03:23,18:24:22,,19:05:32,19:36:22,,
2053-09-04,Thursday,21 Elul 5813,,04:04:18,04:15:55,04:30:13,05:27:55,08:05:38,08:41:38,09:22:12,09:46:12,11:55:20,12:27:38,15:41:20,17:02:03,18:22:46,,19:03:51,19:34:46,,
2053-09-05,Friday,22 Elul 5813,,04:05:28,04:16:52,04:31:17,05:28:52,08:05:56,08:41:56,09:22:18,09:46:18,11:55:00,12:27:11,15:40:15,17:00:42,18:21:09,18:03:09,19:02:09,19:33:09,,
2053-09-06,Saturday,23 Elul 5813,,04:06:38,04:17:49,04:32:21,05:29:49,08:06:14,08:42:14,09:22:23,09:46:23,11:54:40,12:26:44,15:39:10,16:59:21,18:19:31,,19:00:27,19:31:31,19:00:27,19:31:31
2053-09-07,Sunday,24 Elul 5813,,04:07:47,04:18:45,04:33:25,05:30:45,08:06:32,08:42:32,09:22:28,09:46:28,11:54:19,12:26:17,15:38:04,16:57:59,18:17:54,,18:58:45,19:29:54,,
2053-09-08,Monday,25 Elul 5813,,04:08:56,04:19:42,04:34:28,05:31:42,08:06:50,08:42:50,09:22:33,09:46:33,11:53:59,12:25:50,15:36:59,16:56:37,18:16:16,,18:57:03,19:28:16,,
2053-09-09,Tuesday,26 Elul 5813,,04:10:04,04:20:38,04:35:32,05:32:38,08:07:08,08:43:08,09:22:38,09:46:38,11:53:38,12:25:23,15:35:53,16:55:15,18:14:37,,18:55:21,19:26:37,,
2053-09-10,Wednesday,27 Elul 5813,,04:11:12,04:21:35,04:36:35,05:33:35,08:07:26,08:43:26,09:22:43,09:46:43,11:53:17,12:24:55,15:34:46,16:53:53,18:12:59,,18:53:38,19:24:59,,
2053-09-11,Thursday,28 Elul 5813,,04:12:19,04:22:32,04:37:37,05:34:32,08:07:44,08:43:44,09:22:48,09:46:48,11:52:56,12:24:28,15:33:40,16:52:30,18:11:20,,18:51:56,19:23:20,,
2053-09-12,Friday,29 Elul 5813,erev rosh hashana,04:13:26,04:23:28,04:38:40,05:35:28,08:08:01,08:44:01,09:22:52,09:46:52,11:52:35,12:24:00,15:32:33,16:51:07,18:09:41,17:51:41,18:50:13,19:21:41,,
2053-09-13,Saturday,1 Tishrei 5814,rosh hashana,04:14:33,04:24:25,04:39:42,05:36:25,08:08:19,08:44:19,09:22:57,09:46:57,11:52:13,12:23:32,15:31:27,16:49:44,18:08:02,after 18:48:31,18:48:31,19:20:02,,
2053-09-14,Sunday,2 Tishrei 5814,rosh hashana,04:15:39,04:25:21,04:40:44,05:37:21,08:08:37,08:44:37,09:23:02,09:47:02,11:51:52,12:23:05,15:30:20,16:48:21,18:06:23,,18:46:48,19:18:23,18:46:48,19:18:23
2053-09-15,Monday,3 Tishrei 5814,tzom gedalyah,04:16:44,04:26:18,04:41:45,05:38:18,08:08:54,08:44:54,09:23:06,09:47:06,11:51:31,12:22:37,15:29:13,16:46:58,18:04:43,,18:45:06,19:16:43,,
2053-09-16,Tuesday,4 Tishrei 5814,,04:17:50,04:27:15,04:42:47,05:39:15,08:09:12,08:45:12,09:23:11,09:47:11,11:51:09,12:22:09,15:28:06,16:45:35,18:03:03,,18:43:24,19:15:03,,
2053-09-17,Wednesday,5 Tishrei 5814,,04:18:55,04:28:12,04:43:48,05:40:12,08:09:30,08:45:30,09:23:16,09:47:16,11:50:48,12:21:41,15:26:59,16:44:11,18:01:24,,18:41:42,19:13:24,,
2053-09-18,Thursday,6 Tishrei 5814,,04:19:59,04:29:09,04:44:49,05:41:09,08:09:48,08:45:48,09:23:21,09:47:21,11:50:26,12:21:13,15:25:52,16:42:48,17:59:44,,18:40:00,19:11:44,,
2053-09-19,Friday,7 Tishrei 5814,,04:21:04,04:30:06,04:45:50,05:42:06,08:10:05,08:46:05,09:23:25,09:47:25,11:50:05,12:20:45,15:24:45,16:41:24,17:58:04,17:40:04,18:38:18,19:10:04,,
2053-09-20,Saturday,8 Tishrei 5814,,04:22:08,04:31:03,04:46:51,05:43:03,08:10:23,08:46:23,09:23:30,09:47:30,11:49:44,12:20:17,15:23:37,16:40:01,17:56:24,,18:36:36,19:08:24,18:36:36,19:08:24
2053-09-21,Sunday,9 Tishrei 5814,erev yom kippur,04:23:11,04:32:00,04:47:51,05:44:00,08:10:41,08:46:41,09:23:35,09:47:35,11:49:22,12:19:49,15:22:30,16:38:38,17:54:45,17:36:45,18:34:55,19:06:45,,
2053-09-22,Monday,10 Tishrei 5814,yom kippur,04:24:15,04:32:58,04:48:51,05:44:58,08:10:59,08:46:59,09:23:40,09:47:40,11:49:01,12:19:22,15:21:24,16:37:14,17:53:05,,18:33:14,19:05:05,18:33:14,19:05:05
2053-09-23,Tuesday,11 Tishrei 5814,,04:25:18,04:33:55,04:49:52,05:45:55,08:11:18,08:47:18,09:23:45,09:47:45,11:48:40,12:18:54,15:20:17,16:35:51,17:51:26,,18:31:33,19:03:26,,
2053-09-24,Wednesday,12 Tishrei 5814,,04:26:21,04:34:53,04:50:52,05:46:53,08:11:36,08:47:36,09:23:51,09:47:51,11:48:19,12:18:27,15:19:10,16:34:28,17:49:46,,18:29:52,19:01:46,,
2053-09-25,Thursday,13 Tishrei 5814,,04:27:23,04:35:51,04:51:52,05:47:51,08:11:55,08:47:55,09:23:56,09:47:56,11:47:59,12:17:59,15:18:04,16:33:05,17:48:07,,18:28:12,19:00:07,,
2053-09-26,Friday,14 Tishrei 5814,erev succos,04:28:25,04:36:48,04:52:51,05:48:48,08:12:13,08:48:13,09:24:02,09:48:02,11:47:38,12:17:32,15:16:57,16:31:43,17:46:28,17:28:28,18:26:32,18:58:28,,
2053-09-27,Saturday,15 Tishrei 5814,succos,04:29:27,04:37:47,04:53:51,05:49:47,08:12:32,08:48:32,09:24:07,09:48:07,11:47:18,12:17:05,15:15:51,16:30:20,17:44:49,after 18:24:53,18:24:53,18:56:49,,
2053-09-28,Sunday,16 Tishrei 5814,succos,04:30:29,04:38:45,04:54:51,05:50:45,08:12:51,08:48:51,09:24:13,09:48:13,11:46:58,12:16:39,15:14:45,16:28:58,17:43:10,,18:23:14,18:55:10,18:23:14,18:55:10
2053-09-29,Monday,17 Tishrei 5814,chol hamoed succos,04:31:31,04:39:43,04:55:50,05:51:43,08:13:11,08:49:11,09:24:20,09:48:20,11:46:38,12:16:12,15:13:40,16:27:36,17:41:32,,18:21:36,18:53:32,,
2053-09-30,Tuesday,18 Tishrei 5814,chol hamoed succos,04:32:32,04:40:42,04:56:50,05:52:42,08:13:30,08:49:30,09:24:26,09:48:26,11:46:18,12:15:46,15:12:34,16:26:14,17:39:54,,18:19:58,18:51:54,,
2053-10-01,Wednesday,19 Tishrei 5814,chol hamoed succos,04:33:33,04:41:41,04:57:49,05:53:41,08:13:50,08:49:50,09:24:33,09:48:33,11:45:59,12:15:20,15:11:29,16:24:53,17:38:16,,18:18:20,18:50:16,,
2053-10-02,Thursday,20 Tishrei 5814,chol hamoed succos,04:34:35,04:42:40,04:58:49,05:54:40,08:14:10,08:50:10,09:24:40,09:48:40,11:45:40,12:14:55,15:10:24,16:23:32,17:36:39,,18:16:43,18:48:39,,
2053-10-03,Friday,21 Tishrei 5814,hoshana rabbah,04:35:35,04:43:40,04:59:48,05:55:40,08:14:30,08:50:30,09:24:47,09:48:47,11:45:21,12:14:29,15:09:20,16:22:11,17:35:02,17:17:02,18:15:07,18:47:02,,
2053-10-04,Saturday,22 Tishrei 5814,shemini atzeres,04:36:36,04:44:39,05:00:47,05:56:39,08:14:51,08:50:51,09:24:55,09:48:55,11:45:03,12:14:05,15:08:16,16:20:51,17:33:26,after 18:13:31,18:13:31,18:45:26,,
2053-10-05,Sunday,23 Tishrei 5814,simchas torah,04:37:37,04:45:39,05:01:47,05:57:39,08:15:12,08:51:12,09:25:03,09:49:03,11:44:45,12:13:40,15:07:13,16:19:31,17:31:50,,18:11:56,18:43:50,18:11:56,18:43:50
2053-10-06,Monday,24 Tishrei 5814,,04:38:37,04:46:40,05:02:46,05:58:40,08:15:33,08:51:33,09:25:11,09:49:11,11:44:27,12:13:16,15:06:10,16:18:12,17:30:14,,18:10:22,18:42:14,,
2053-10-07,Tuesday,25 Tishrei 5814,,04:39:38,04:47:40,05:03:46,05:59:40,08:15:55,08:51:55,09:25:20,09:49:20,11:44:10,12:12:52,15:05:07,16:16:53,17:28:39,,18:08:48,18:40:39,,
2053-10-08,Wednesday,26 Tishrei 5814,,04:40:38,04:48:41,05:04:45,06:00:41,08:16:17,08:52:17,09:25:29,09:49:29,11:43:53,12:12:29,15:04:05,16:15:35,17:27:05,,18:07:15,18:39:05,,
2053-10-09,Thursday,27 Tishrei 5814,,04:41:38,04:49:42,05:05:44,06:01:42,08:16:39,08:52:39,09:25:38,09:49:38,11:43:37,12:12:06,15:03:03,16:14:17,17:25:31,,18:05:43,18:37:31,,
2053-10-10,Friday,28 Tishrei 5814,,04:42:38,04:50:43,05:06:44,06:02:43,08:17:02,08:53:02,09:25:48,09:49:48,11:43:21,12:11:44,15:02:02,16:13:00,17:23:58,17:05:58,18:04:12,18:35:58,,
2053-10-11,Saturday,29 Tishrei 5814,,04:43:38,04:51:45,05:07:44,06:03:45,08:17:25,08:53:25,09:25:58,09:49:58,11:43:05,12:11:22,15:01:02,16:11:44,17:22:25,,18:02:42,18:34:25,18:02:42,18:34:25
2053-10-12,Sunday,30 Tishrei 5814,,04:44:38,04:52:47,05:08:43,06:04:47,08:17:49,08:53:49,09:26:09,09:50:09,11:42:50,12:11:01,15:00:02,16:10:28,17:20:54,,18:01:12,18:32:54,,
2053-10-13,Monday,1 Cheshvan 5814,,04:45:39,04:53:49,05:09:43,06:05:49,08:18:12,08:54:12,09:26:20,09:50:20,11:42:36,12:10:40,14:59:03,16:09:13,17:19:23,,17:59:43,18:31:23,,
2053-10-14,Tuesday,2 Cheshvan 5814,,04:46:39,04:54:52,05:10:43,06:06:52,08:18:37,08:54:37,09:26:32,09:50:32,11:42:22,12:10:19,14:58:05,16:07:58,17:17:52,,17:58:16,18:29:52,,
2053-10-15,Wednesday,3 Cheshvan 5814,,04:47:38,04:55:55,05:11:43,06:07:55,08:19:02,08:55:02,09:26:44,09:50:44,11:42:09,12:10:00,14:57:07,16:06:45,17:16:23,,17:56:49,18:28:23,,
2053-10-16,Thursday,4 Cheshvan 5814,,04:48:38,04:56:58,05:12:43,06:08:58,08:19:27,08:55:27,09:26:57,09:50:57,11:41:56,12:09:41,14:56:10,16:05:32,17:14:54,,17:55:23,18:26:54,,
2053-10-17,Friday,5 Cheshvan 5814,,04:49:38,04:58:02,05:13:43,06:10:02,08:19:53,08:55:53,09:27:10,09:51:10,11:41:44,12:09:22,14:55:13,16:04:20,17:13:26,16:55:26,17:53:58,18:25:26,,
2053-10-18,Saturday,6 Cheshvan 5814,,04:50:38,04:59:06,05:14:43,06:11:06,08:20:19,08:56:19,09:27:23,09:51:23,11:41:32,12:09:05,14:54:18,16:03:08,17:11:59,,17:52:34,18:23:59,17:52:34,18:23:59
2053-10-19,Sunday,7 Cheshvan 5814,,04:51:38,05:00:10,05:15:43,06:12:10,08:20:46,08:56:46,09:27:38,09:51:38,11:41:21,12:08:47,14:53:23,16:01:58,17:10:33,,17:51:12,18:22:33,,
2053-10-20,Monday,8 Cheshvan 5814,,04:52:39,05:01:14,05:16:44,06:13:14,08:21:13,08:57:13,09:27:52,09:51:52,11:41:11,12:08:31,14:52:29,16:00:49,17:09:08,,17:49:50,18:21:08,,
2053-10-21,Tuesday,9 Cheshvan 5814,,04:53:39,05:02:19,05:17:44,06:14:19,08:21:41,08:57:41,09:28:08,09:52:08,11:41:02,12:08:15,14:51:36,15:59:40,17:07:44,,17:48:30,18:19:44,,
2053-10-22,Wednesday,10 Cheshvan 5814,,04:54:39,05:03:25,05:18:45,06:15:25,08:22:09,08:58:09,09:28:23,09:52:23,11:40:53,12:08:00,14:50:44,15:58:32,17:06:21,,17:47:10,18:18:21,,
2053-10-23,Thursday,11 Cheshvan 5814,,04:55:39,05:04:30,05:19:46,06:16:30,08:22:37,08:58:37,09:28:40,09:52:40,11:40:45,12:07:46,14:49:53,15:57:26,17:04:59,,17:45:52,18:16:59,,
2053-10-24,Friday,12 Cheshvan 5814,,04:56:39,05:05:36,05:20:47,06:17:36,08:23:07,08:59:07,09:28:57,09:52:57,11:40:37,12:07:32,14:49:03,15:56:20,17:03:38,16:45:38,17:44:36,18:15:38,,
2053-10-25,Saturday,13 Cheshvan 5814,,04:57:39,05:06:43,05:21:48,06:18:43,08:23:36,08:59:36,09:29:14,09:53:14,11:40:30,12:07:19,14:48:13,15:55:16,17:02:18,,17:43:20,18:14:18,17:43:20,18:14:18
2053-10-26,Sunday,14 Cheshvan 5814,,04:58:40,05:07:49,05:22:49,06:19:49,08:24:07,09:00:07,09:29:33,09:53:33,11:40:24,12:07:07,14:47:25,15:54:12,17:01:00,,17:42:06,18:13:00,,
2053-10-27,Monday,15 Cheshvan 5814,,04:59:40,05:08:56,05:23:51,06:20:56,08:24:38,09:00:38,09:29:51,09:53:51,11:40:19,12:06:56,14:46:38,15:53:10,16:59:42,,17:40:53,18:11:42,,
2053-10-28,Tuesday,16 Cheshvan 5814,,05:00:40,05:10:03,05:24:52,06:22:03,08:25:09,09:01:09,09:30:11,09:54:11,11:40:15,12:06:46,14:45:51,15:52:09,16:58:26,,17:39:42,18:10:26,,
2053-10-29,Wednesday,17 Cheshvan 5814,,05:01:41,05:11:11,05:25:54,06:23:11,08:25:41,09:01:41,09:30:31,09:54:31,11:40:11,12:06:36,14:45:06,15:51:09,16:57:12,,17:38:31,18:09:12,,
2053-10-30,Thursday,18 Cheshvan 5814,,05:02:41,05:12:18,05:26:56,06:24:18,08:26:13,09:02:13,09:30:52,09:54:52,11:40:08,12:06:27,14:44:22,15:50:10,16:55:58,,17:37:23,18:07:58,,
2053-10-31,Friday,19 Cheshvan 5814,,05:03:42,05:13:26,05:27:58,06:25:26,08:26:46,09:02:46,09:31:13,09:55:13,11:40:06,12:06:19,14:43:39,15:49:13,16:54:46,16:36:46,17:36:16,18:06:46,,
2053-11-01,Saturday,20 Cheshvan 5814,,05:04:42,05:14:34,05:28:59,06:26:34,08:27:20,09:03:20,09:31:35,09:55:35,11:40:05,12:06:12,14:42:58,15:48:16,16:53:35,,17:35:10,18:05:35,17:35:10,18:05:35
2053-11-02,Sunday,21 Cheshvan 5814,,05:05:43,05:15:43,05:30:01,06:27:43,08:27:54,09:03:54,09:31:57,09:55:57,11:40:04,12:06:06,14:42:17,15:47:21,16:52:26,,17:34:06,18:04:26,,
2053-11-03,Monday,22 Cheshvan 5814,,05:06:43,05:16:51,05:31:04,06:28:51,08:28:28,09:04:28,09:32:20,09:56:20,11:40:05,12:06:01,14:41:38,15:46:28,16:51:18,,17:33:03,18:03:18,,
2053-11-04,Tuesday,23 Cheshvan 5814,,05:07:44,05:18:00,05:32:06,06:30:00,08:29:03,09:05:03,09:32:44,09:56:44,11:40:06,12:05:56,14:40:59,15:45:36,16:50:12,,17:32:02,18:02:12,,
2053-11-05,Wednesday,24 Cheshvan 5814,,05:08:45,05:19:09,05:33:08,06:31:09,08:29:39,09:05:39,09:33:08,09:57:08,11:40:08,12:05:53,14:40:22,15:44:45,16:49:07,,17:31:03,18:01:07,,
2053-11-06,Thursday,25 Cheshvan 5814,,05:09:45,05:20:18,05:34:10,06:32:18,08:30:15,09:06:15,09:33:33,09:57:33,11:40:11,12:05:50,14:39:47,15:43:55,16:48:04,,17:30:05,18:00:04,,
2053-11-07,Friday,26 Cheshvan 5814,,05:10:46,05:21:27,05:35:13,06:33:27,08:30:51,09:06:51,09:33:59,09:57:59,11:40:15,12:05:49,14:39:12,15:43:07,16:47:02,16:29:02,17:29:09,17:59:02,,
2053-11-08,Saturday,27 Cheshvan 5814,,05:11:46,05:22:37,05:36:15,06:34:37,08:31:28,09:07:28,09:34:25,09:58:25,11:40:19,12:05:48,14:38:39,15:42:21,16:46:02,,17:28:14,17:58:02,17:28:14,17:58:02
2053-11-09,Sunday,28 Cheshvan 5814,,05:12:47,05:23:46,05:37:17,06:35:46,08:32:05,09:08:05,09:34:52,09:58:52,11:40:25,12:05:48,14:38:08,15:41:36,16:45:04,,17:27:21,17:57:04,,
2053-11-10,Monday,29 Cheshvan 5814,,05:13:47,05:24:55,05:38:19,06:36:55,08:32:43,09:08:43,09:35:19,09:59:19,11:40:31,12:05:49,14:37:37,15:40:52,16:44:07,,17:26:30,17:56:07,,
2053-11-11,Tuesday,30 Cheshvan 5814,,05:14:47,05:26:05,05:39:22,06:38:05,08:33:22,09:09:22,09:35:47,09:59:47,11:40:39,12:05:51,14:37:08,15:40:10,16:43:12,,17:25:41,17:55:12,,
2053-11-12,Wednesday,1 Kislev 5814,,05:15:48,05:27:14,05:40:24,06:39:14,08:34:00,09:10:00,09:36:16,10:00:16,11:40:47,12:05:54,14:36:41,15:39:30,16:42:19,,17:24:54,17:54:19,,
2053-11-13,Thursday,2 Kislev 5814,,05:16:48,05:28:23,05:41:26,06:40:23,08:34:39,09:10:39,09:36:45,10:00:45,11:40:56,12:05:58,14:36:15,15:38:51,16:41:28,,17:24:08,17:53:28,,
2053-11-14,Friday,3 Kislev 5814,,05:17:48,05:29:32,05:42:27,06:41:32,08:35:19,09:11:19,09:37:14,10:01:14,11:41:05,12:06:03,14:35:50,15:38:14,16:40:39,16:22:39,17:23:24,17:52:39,,
2053-11-15,Saturday,4 Kislev 5814,,05:18:47,05:30:41,05:43:29,06:42:41,08:35:59,09:11:59,09:37:45,10:01:45,11:41:16,12:06:09,14:35:27,15:37:39,16:39:51,,17:22:43,17:51:51,17:22:43,17:51:51
2053-11-16,Sunday,5 Kislev 5814,,05:19:47,05:31:50,05:44:31,06:43:50,08:36:39,09:12:39,09:38:15,10:02:15,11:41:28,12:06:16,14:35:05,15:37:05,16:39:05,,17:22:03,17:51:05,,
2053-11-17,Monday,6 Kislev 5814,,05:20:46,05:32:59,05:45:32,06:44:59,08:37:19,09:13:19,09:38:46,10:02:46,11:41:40,12:06:24,14:34:44,15:36:33,16:38:22,,17:21:24,17:50:22,,
2053-11-18,Tuesday,7 Kislev 5814,,05:21:45,05:34:07,05:46:33,06:46:07,08:38:00,09:14:00,09:39:18,10:03:18,11:41:53,12:06:32,14:34:25,15:36:03,16:37:40,,17:20:48,17:49:40,,
2053-11-19,Wednesday,8 Kislev 5814,,05:22:44,05:35:15,05:47:34,06:47:15,08:38:41,09:14:41,09:39:50,10:03:50,11:42:07,12:06:42,14:34:08,15:35:34,16:37:00,,17:20:14,17:49:00,,
2053-11-20,Thursday,9 Kislev 5814,,05:23:43,05:36:22,05:48:34,06:48:22,08:39:22,09:15:22,09:40:22,10:04:22,11:42:22,12:06:52,14:33:52,15:35:07,16:36:22,,17:19:42,17:48:22,,
2053-11-21,Friday,10 Kislev 5814,,05:24:41,05:37:30,05:49:34,06:49:30,08:40:04,09:16:04,09:40:55,10:04:55,11:42:38,12:07:04,14:33:38,15:34:42,16:35:46,16:17:46,17:19:11,17:47:46,,
2053-11-22,Saturday,11 Kislev 5814,,05:25:39,05:38:36,05:50:34,06:50:36,08:40:45,09:16:45,09:41:28,10:05:28,11:42:54,12:07:16,14:33:25,15:34:19,16:35:13,,17:18:43,17:47:13,17:18:43,17:47:13
2053-11-23,Sunday,12 Kislev 5814,,05:26:36,05:39:42,05:51:33,06:51:42,08:41:27,09:17:27,09:42:02,10:06:02,11:43:12,12:07:29,14:33:14,15:33:57,16:34:41,,17:18:17,17:46:41,,
2053-11-24,Monday,13 Kislev 5814,,05:27:33,05:40:48,05:52:32,06:52:48,08:42:09,09:18:09,09:42:36,10:06:36,11:43:30,12:07:43,14:33:04,15:33:38,16:34:11,,17:17:53,17:46:11,,
2053-11-25,Tuesday,14 Kislev 5814,,05:28:30,05:41:53,05:53:31,06:53:53,08:42:51,09:18:51,09:43:10,10:07:10,11:43:49,12:07:58,14:32:56,15:33:20,16:33:44,,17:17:30,17:45:44,,
2053-11-26,Wednesday,15 Kislev 5814,,05:29:26,05:42:57,05:54:29,06:54:57,08:43:33,09:19:33,09:43:45,10:07:45,11:44:08,12:08:14,14:32:49,15:33:04,16:33:19,,17:17:10,17:45:19,,
2053-11-27,Thursday,16 Kislev 5814,,05:30:21,05:44:01,05:55:26,06:56:01,08:44:15,09:20:15,09:44:19,10:08:19,11:44:28,12:08:31,14:32:44,15:32:50,16:32:56,,17:16:52,17:44:56,,
2053-11-28,Friday,17 Kislev 5814,,05:31:16,05:45:04,05:56:22,06:57:04,08:44:57,09:20:57,09:44:54,10:08:54,11:44:49,12:08:48,14:32:41,15:32:38,16:32:35,16:14:35,17:16:36,17:44:35,,
2053-11-29,Saturday,18 Kislev 5814,,05:32:10,05:46:06,05:57:18,06:58:06,08:45:39,09:21:39,09:45:29,10:09:29,11:45:11,12:09:06,14:32:39,15:32:28,16:32:16,,17:16:22,17:44:16,17:16:22,17:44:16
2053-11-30,Sunday,19 Kislev 5814,,05:33:04,05:47:07,05:58:14,06:59:07,08:46:20,09:22:20,09:46:05,10:10:05,11:45:33,12:09:26,14:32:39,15:32:19,16:32:00,,17:16:10,17:44:00,,
2053-12-01,Monday,20 Kislev 5814,,05:33:57,05:48:07,05:59:08,07:00:07,08:47:02,09:23:02,09:46:40,10:10:40,11:45:56,12:09:45,14:32:40,15:32:13,16:31:45,,17:16:00,17:43:45,,
2053-12-02,Tuesday,21 Kislev 5814,,05:34:49,05:49:07,06:00:02,07:01:07,08:47:43,09:23:43,09:47:15,10:11:15,11:46:20,12:10:06,14:32:43,15:32:08,16:31:33,,17:15:52,17:43:33,,
2053-12-03,Wednesday,22 Kislev 5814,,05:35:40,05:50:05,06:00:55,07:02:05,08:48:24,09:24:24,09:47:51,10:11:51,11:46:44,12:10:27,14:32:47,15:32:05,16:31:23,,17:15:47,17:43:23,,
2053-12-04,Thursday,23 Kislev 5814,,05:36:31,05:51:02,06:01:47,07:03:02,08:49:05,09:25:05,09:48:27,10:12:27,11:47:09,12:10:49,14:32:53,15:32:04,16:31:16,,17:15:43,17:43:16,,
2053-12-05,Friday,24 Kislev 5814,,05:37:21,05:51:58,06:02:38,07:03:58,08:49:46,09:25:46,09:49:02,10:13:02,11:47:34,12:11:12,14:33:00,15:32:05,16:31:11,16:13:11,17:15:42,17:43:11,,
2053-12-06,Saturday,25 Kislev 5814,chanukah,05:38:09,05:52:53,06:03:28,07:04:53,08:50:26,09:26:26,09:49:38,10:13:38,11:48:00,12:11:36,14:33:09,15:32:08,16:31:07,,17:15:42,17:43:07,17:15:42,17:43:07
2053-12-07,Sunday,26 Kislev 5814,chanukah,05:38:57,05:53:46,06:04:17,07:05:46,08:51:06,09:27:06,09:50:13,10:14:13,11:48:26,12:12:00,14:33:20,15:32:13,16:31:07,,17:15:45,17:43:07,,
2053-12-08,Monday,27 Kislev 5814,chanukah,05:39:44,05:54:38,06:05:05,07:06:38,08:51:46,09:27:46,09:50:48,10:14:48,11:48:53,12:12:24,14:33:32,15:32:20,16:31:08,,17:15:49,17:43:08,,
2053-12-09,Tuesday,28 Kislev 5814,chanukah,05:40:30,05:55:29,06:05:52,07:07:29,08:52:25,09:28:25,09:51:23,10:15:23,11:49:20,12:12:50,14:33:45,15:32:29,16:31:12,,17:15:56,17:43:12,,
2053-12-10,Wednesday,29 Kislev 5814,chanukah,05:41:15,05:56:18,06:06:38,07:08:18,08:53:03,09:29:03,09:51:58,10:15:58,11:49:48,12:13:16,14:34:00,15:32:39,16:31:18,,17:16:05,17:43:18,,
2053-12-11,Thursday,30 Kislev 5814,chanukah,05:41:58,05:57:06,06:07:23,07:09:06,08:53:41,09:29:41,09:52:33,10:16:33,11:50:16,12:13:42,14:34:17,15:32:51,16:31:26,,17:16:15,17:43:26,,
2053-12-12,Friday,1 Teves 5814,chanukah,05:42:41,05:57:53,06:08:06,07:09:53,08:54:19,09:30:19,09:53:07,10:17:07,11:50:44,12:14:09,14:34:35,15:33:06,16:31:36,16:13:36,17:16:28,17:43:36,,
2053-12-13,Saturday,2 Teves 5814,chanukah,05:43:22,05:58:37,06:08:48,07:10:37,08:54:55,09:30:55,09:53:41,10:17:41,11:51:13,12:14:36,14:34:54,15:33:22,16:31:49,,17:16:43,17:43:49,17:16:43,17:43:49
2053-12-14,Sunday,3 Teves 5814,,05:44:03,05:59:20,06:09:29,07:11:20,08:55:31,09:31:31,09:54:15,10:18:15,11:51:42,12:15:04,14:35:15,15:33:39,16:32:04,,17:16:59,17:44:04,,
2053-12-15,Monday,4 Teves 5814,,05:44:41,06:00:02,06:10:08,07:12:02,08:56:07,09:32:07,09:54:48,10:18:48,11:52:11,12:15:32,14:35:37,15:33:59,16:32:21,,17:17:18,17:44:21,,
2053-12-16,Tuesday,5 Teves 5814,,05:45:19,06:00:42,06:10:46,07:12:42,08:56:41,09:32:41,09:55:21,10:19:21,11:52:41,12:16:01,14:36:00,15:34:20,16:32:40,,17:17:39,17:44:40,,
2053-12-17,Wednesday,6 Teves 5814,,05:45:55,06:01:20,06:11:23,07:13:20,08:57:15,09:33:15,09:55:54,10:19:54,11:53:11,12:16:30,14:36:25,15:34:43,16:33:01,,17:18:01,17:45:01,,
2053-12-18,Thursday,7 Teves 5814,,05:46:30,06:01:56,06:11:58,07:13:56,08:57:48,09:33:48,09:56:26,10:20:26,11:53:40,12:16:59,14:36:51,15:35:08,16:33:25,,17:18:25,17:45:25,,
2053-12-19,Friday,8 Teves 5814,,05:47:03,06:02:30,06:12:32,07:14:30,08:58:20,09:34:20,09:56:57,10:20:57,11:54:10,12:17:29,14:37:19,15:35:35,16:33:50,16:15:50,17:18:51,17:45:50,,
2053-12-20,Saturday,9 Teves 5814,,05:47:35,06:03:03,06:13:04,07:15:03,08:58:51,09:34:51,09:57:28,10:21:28,11:54:40,12:17:58,14:37:47,15:36:03,16:34:18,,17:19:19,17:46:18,17:19:19,17:46:18
2053-12-21,Sunday,10 Teves 5814,tenth of teves,05:48:06,06:03:33,06:13:34,07:15:33,08:59:22,09:35:22,09:57:58,10:21:58,11:55:10,12:18:29,14:38:17,15:36:32,16:34:48,,17:19:49,17:46:48,,
2053-12-22,Monday,11 Teves 5814,,05:48:35,06:04:02,06:14:03,07:16:02,08:59:51,09:35:51,09:58:28,10:22:28,11:55:41,12:18:59,14:38:48,15:37:04,16:35:19,,17:20:21,17:47:19,,
2053-12-23,Tuesday,12 Teves 5814,,05:49:02,06:04:28,06:14:30,07:16:28,09:00:19,09:36:19,09:58:57,10:22:57,11:56:11,12:19:29,14:39:20,15:37:37,16:35:53,,17:20:54,17:47:53,,
2053-12-24,Wednesday,13 Teves 5814,,05:49:28,06:04:53,06:14:56,07:16:53,09:00:47,09:36:47,09:59:25,10:23:25,11:56:41,12:20:00,14:39:54,15:38:11,16:36:29,,17:21:29,17:48:29,,
2053-12-25,Thursday,14 Teves 5814,,05:49:52,06:05:15,06:15:19,07:17:15,09:01:13,09:37:13,09:59:52,10:23:52,11:57:11,12:20:30,14:40:28,15:38:47,16:37:06,,17:22:05,17:49:06,,
2053-12-26,Friday,15 Teves 5814,,05:50:14,06:05:36,06:15:42,07:17:36,09:01:38,09:37:38,10:00:19,10:24:19,11:57:41,12:21:01,14:41:03,15:39:24,16:37:45,16:19:45,17:22:43,17:49:45,,
2053-12-27,Saturday,16 Teves 5814,,05:50:35,06:05:54,06:16:02,07:17:54,09:02:02,09:38:02,10:00:45,10:24:45,11:58:10,12:21:32,14:41:40,15:40:03,16:38:27,,17:23:23,17:50:27,17:23:23,17:50:27
2053-12-28,Sunday,17 Teves 5814,,05:50:54,06:06:10,06:16:20,07:18:10,09:02:25,09:38:25,10:01:10,10:25:10,11:58:40,12:22:02,14:42:17,15:40:43,16:39:09,,17:24:04,17:51:09,,
2053-12-29,Monday,18 Teves 5814,,05:51:12,06:06:24,06:16:37,07:18:24,09:02:47,09:38:47,10:01:34,10:25:34,11:59:09,12:22:33,14:42:55,15:41:25,16:39:54,,17:24:47,17:51:54,,
2053-12-30,Tuesday,19 Teves 5814,,05:51:27,06:06:36,06:16:52,07:18:36,09:03:07,09:39:07,10:01:58,10:25:58,11:59:38,12:23:04,14:43:35,15:42:07,16:40:40,,17:25:31,17:52:40,,
2053-12-31,Wednesday,20 Teves 5814,,05:51:41,06:06:46,06:17:04,07:18:46,09:03:27,09:39:27,10:02:20,10:26:20,12:00:07,12:23:34,14:44:15,15:42:51,16:41:28,,17:26:16,17:53:28,,
